368319
237156
328840
32863
126343
674021
806964
330198
64405
837309
647544
585582
393238
849196
566193
237736
388252
27491
745220
208210
561067
29722
101423
732649
266191
611601
460155
699689
378858
46561
889742
413044
711052
263805
339100
261083
429690
893259
105534
339531
616401
9881
896475
356438
167173
705917
530882
2269
517762
955022
540890
796632
730355
349432
512497
644802
60960
437504
587824
475875
871922
47445
516400
758587
881746
516815
741797
899272
9520
302919
637944
870773
329440
196945
232819
687903
656990
179866
229846
99972
416690
988955
6854
721674
166446
340023
652581
119722
607765
932215
611197
269431
428054
584543
36629
64527
660341
132973
44582
694621
193611
291629
874599
170439
166564
188476
398853
582907
568646
494743
338351
13713
335185
866975
605901
50781
411650
839659
682640
632533
201681
485130
450660
468313
191419
238740
744451
261027
145306
449643
577827
121356
621423
165203
976591
460471
203586
80363
160852
577695
991585
525960
123281
812281
606916
128429
784498
160581
244689
911784
259894
929207
181050
90507
374763
264380
464196
839494
681980
6059
895395
118366
921121
258633
134145
367244
888564
560441
52382
426164
654500
797374
608402
786816
990402
949614
170157
655769
858873
708918
964287
846850
328219
868996
336819
179217
826710
698965
393238
510090
585605
346011
396342
349529
102626
615753
141989
857516
680346
487231
946461
828011
611577
946765
751805
389973
330308
767846
768370
316088
832294
784867
791985
61900
348354
278768
142496
695149
682919
161815
865492
566004
838242
558567
463477
644401
600556
137088
177854
357190
715652
28734
296033
224866
118552
782144
148807
831065
12445
569876
604789
124445
179710
782337
561162
836060
840560
972400
971685
641781
365348
307255
536419
132119
71382
279427
1990
403513
182915
768802
993649
39280
455095
66091
905359
70896
452676
230858
28564
845729
563343
813996
611099
245661
530884
968003
107055
813060
46953
200310
848806
651389
353168
809257
1766
514953
805926
909412
703115
342533
582057
172578
908385
216764
798839
131577
659596
113062
802817
508192
499207
343490
672798
525218
6601
648715
837244
903646
426627
372377
710065
362168
540230
795479
482800
664544
749506
908189
775511
723645
581610
235434
360356
517493
502707
992255
932744
133276
455674
836826
35092
234934
255621
160334
286160
214186
667682
214076
404522
915654
539435
832816
487436
986217
145899
65050
810822
720145
607963
820518
223210
293826
416453
726779
741495
288079
212362
839949
132397
766344
504575
831200
990400
617600
523505
208282
57255
529145
238729
199298
925459
869870
118347
73755
645949
233405
129464
59351
36312
814384
588564
738682
397094
579879
32834
660621
149223
366755
300811
149114
783211
123761
910333
658379
728649
662065
367088
607162
805672
513602
471588
902836
411002
738891
755846
276271
745033
857449
332561
180964
165930
691376
126673
192683
84558
883744
650883
707443
97270
34342
599961
281626
194887
477323
104090
67887
272179
515261
684069
598913
14551
949880
888213
169763
88868
794833
647360
278144
566900
434975
394906
366421
254782
849094
298808
990799
731045
21601
330414
442305
852138
244939
211801
492929
148290
872587
169336
839200
426691
578650
211381
862341
169208
857425
155522
899494
716947
529140
779359
499682
715522
469845
674871
28797
677466
840806
372522
176888
662960
678367
613222
557516
512455
786184
527214
850691
851171
632419
825981
99700
970556
560442
989251
904729
103566
724160
267086
140686
765965
845031
534468
901672
848182
702141
543181
666672
703809
993731
430797
419131
476723
144141
810447
369895
181327
779279
42173
213108
946412
485193
887371
820156
470690
168785
966900
75920
416350
114618
920669
90033
729557
9694
448533
644968
994006
422157
209790
136002
55735
482962
165573
506604
786737
200222
840332
619175
235144
64404
621930
975975
576290
889008
88712
171086
950458
580181
681004
691968
215212
723697
768018
547426
140080
715599
155766
684084
152228
792824
472943
137417
88961
855303
876597
793631
433840
838024
809155
757215
685365
376844
111639
944818
499273
529612
446935
252861
282246
392248
330510
461115
348860
807195
311443
536630
162785
450604
231114
611490
428388
955123
419652
399126
701090
908373
155778
653864
889138
643903
691607
495651
924187
441195
682411
41191
615653
112466
868059
392350
784908
90094
22334
823126
228753
410794
672643
153408
608300
75305
24502
370500
933916
429360
532001
911743
282782
183153
678735
12954
85628
49589
107180
262600
243068
790885
752712
650396
192890
132276
736954
558596
578576
62444
544225
205414
975281
590292
524678
160917
294549
611068
974045
866032
190926
750373
326635
54935
264506
1103
714561
923659
92369
764895
810470
81313
833246
636589
547091
607139
434379
649256
976599
345027
791509
680422
177691
127101
55390
397580
830784
877960
506849
300695
943844
247736
398528
176580
400068
128819
935289
343650
324539
23309
52919
977906
310185
645315
748421
394552
713903
51537
813341
395681
449494
841776
811742
795280
489039
768944
957277
406919
909845
749101
742034
298030
942638
705457
655283
887683
941777
842598
144479
243551
631906
229942
97136
835553
973145
979009
127411
165689
547648
857658
135668
470931
148699
303455
5234
11357
258593
358483
323825
425207
112489
658585
387247
179254
997856
486127
945070
256213
104055
789701
373616
436857
878681
189976
419137
626272
100378
294768
248174
5413
852075
350642
433299
301426
665609
608930
995154
214466
904375
504697
926880
226193
954656
991519
9785
148515
279710
292166
726260
803950
35864
167586
240369
141222
102597
513608
394030
308451
710224
788322
358137
176944
989652
178125
651968
221746
643590
32911
407684
875507
494898
995064
296492
632202
345438
471572
385398
418089
446091
483082
767944
552323
126297
647572
790821
931288
437578
376219
893499
159198
358943
761454
434008
515469
277470
372127
38653
869703
828469
391290
48139
191267
707384
280483
641946
456277
657927
680523
39529
380987
302923
658574
942319
606726
395679
5676
223824
936643
230539
678563
960299
867013
348203
199333
488976
873905
831150
310523
421519
71782
686650
753014
674411
484103
989549
102477
845998
308198
90559
870680
755926
507150
521795
979432
460333
167533
678028
321729
469110
38748
69164
187445
910531
195725
159384
577054
71012
293968
755175
541943
607802
706050
587385
336407
266153
373394
535989
808268
979819
875377
191594
491856
983746
384918
287511
746
998086
225963
885766
390436
132060
325015
305874
816932
696711
26921
20042
637162
628696
95325
585006
673765
321345
990031
650774
775794
178696
238585
631666
775410
531415
420458
772204
913094
630256
100550
35626
79402
70269
752052
614831
347883
292229
123624
460065
759238
116859
555405
599077
494495
682609
173710
690086
705307
545514
582529
29109
56218
439884
68464
679179
491604
932724
368262
499049
989775
948260
181267
472736
908346
170455
985724
315693
993641
250293
360898
18428
337902
898850
863149
866765
581200
249777
929684
543092
293291
85623
921100