496547
715894
568929
12820
96730
569812
160189
775833
459268
931808
493080
123527
381776
856718
222962
145334
3927
157187
402453
411461
471837
820717
9825
688391
953974
963964
276421
474763
9669
4032
941834
15111
643936
574240
820617
402273
387663
382580
9469
976217
598324
904320
898419
111189
537796
731982
922846
987722
997811
951847
970119
486341
445230
717677
989729
402580
507842
55896
519930
216531
248986
47819
207374
269206
743717
227154
405174
732464
616214
644347
34429
135838
404101
208142
932243
872723
502451
451178
652955
90785
351978
763645
322655
949441
702339
360415
768163
959935
83586
678156
731799
479877
281947
209148
573926
977154
108568
996769
582699
412534
548690
710396
334019
543325
402012
784220
850749
258101
410112
356533
467502
888750
157089
537625
589282
412014
700351
431253
386413
191741
997913
248043
829407
145556
259501
45927
644181
415549
571355
22816
910764
56934
826856
237133
98641
923272
752094
834497
982516
735855
785680
867076
106331
914213
799418
490896
5779
827519
338759
801445
866369
810947
595757
16137
162070
409140
618228
76832
882848
318653
905940
792099
676286
600182
753211
787584
30252
878805
725869
680398
337468
623540
64262
944363
872870
126842
310043
168053
740534
314985
327487
466849
328163
336580
131425
539387
535680
615963
51218
149498
279052
970356
187365
962559
67556
718680
710128
692778
207448
311607
394542
191321
678874
286200
768838
376895
98194
560353
491623
596700
880719
291168
419530
348766
227481
506804
182937
627796
447394
385915
615406
785739
949402
772760
571636
158343
893666
268736
125098
100127
614104
266914
819398
746934
29137
848433
629878
75986
253157
408207
917441
932058
156899
358999
315340
316208
388965
929351
988537
212201
814335
769929
495146
670757
488977
386012
949475
26768
364220
770019
200654
146868
916785
755978
355415
769464
383909
521617
813879
124920
908257
911223
544527
587202
311413
275907
849962
236843
414028
606129
767333
5773
461403
278072
967659
955870
197556
697588
470616
684525
285623
166837
510527
934971
749095
487140
522503
789811
631066
379340
708336
421319
374282
232972
166323
303337
172490
358296
270152
667619
564626
629799
445761
315540
586747
775805
992020
803336
668230
591765
393014
589298
611990
954986
524002
729224
917758
58018
506296
83643
292469
264344
135747
974674
961766
71684
159315
836514
921188
867785
506825
25004
988731
499804
400881
98579
986338
833612
65417
777400
702220
868657
31520
702516
216413
102773
349338
309617
697402
56314
30352
357670
921529
143655
771220
280749
117432
325330
389330
420866
965961
899019
341266
911258
938123
832387
609497
553757
354324
10200
88495
895682
37002
545214
318908
44806
49553
952075
470796
481481
275998
654431
668594
456837
807210
529837
505480
63723
630403
944171
542612
495452
140860
667474
181126
567489
811525
369938
199645
56263
597205
974614
628778
559482
982403
756719
982701
607997
551285
782751
286491
485219
961967
145413
816577
703470
464653
964896
396994
833570
166348
934593
518460
142212
995010
880594
181129
319220
575598
835260
87778
594980
518122
627322
29661
660788
804605
105656
497879
692524
384269
971559
476332
367573
738161
841888
619363
642868
236005
53938
118567
425636
904086
321482
279344
303887
725854
476222
940865
599689
723850
19766
920202
101705
318742
92919
597357
568196
599866
94733
426461
503271
518685
716309
268899
252465
995752
530788
139963
68012
325046
463383
25755
420870
565543
39864
344339
163984
948948
411658
161743
227282
966236
814706
67514
734152
503965
64642
567997
224126
301695
876450
663781
170819
573482
354525
571107
769613
680407
807430
902636
352617
425668
501637
621633
901084
933697
654273
543817
306716
13416
401771
266586
482724
5738
959973
570454
18104
702339
184014
989170
284469
759503
348460
653394
710996
541495
345460
415056
121083
618372
350904
258524
481535
169684
278766
355965
699323
280233
425624
162742
751558
55839
576917
43779
87571
45622
670532
909827
976042
758477
772305
225007
624255
918000
303837
828808
631852
705672
297550
816719
920080
607665
660592
60718
134787
782953
768774
559092
403509
895651
402034
665342
408034
246971
802492
705009
949747
867333
529474
891363
213045
322942
400893
565017
598318
584420
90667
89259
707873
488225
626526
370052
314848
434467
250337
161670
240009
77191
130754
357386
502366
463667
144577
324741
634053
195139
656659
262
810392
90010
291411
903707
374698
681435
526022
5524
86232
845552
777481
567711
819847
523591
742618
449170
623167
942045
721983
769096
160291
551986
318166
756130
88396
923612
124154
564783
763522
91512
200527
746406
690454
131451
338027
127824
13215
114150
380705
331074
259535
458136
246251
367496
896561
147965
450163
433374
833729
90277
911038
75160
415847
414255
397942
540449
801234
791588
753298
592352
541294
979360
537316
929398
107777
317994
174783
668580
956391
396325
898306
237642
714984
921760
987462
623882
569331
498184
876320
89291
781626
682173
264531
776857
877545
158849
353941
23530
877123
584077
474620
676476
174556
183422
902341
703705
322861
499628
998017
735868
19351
508827
507741
108622
264695
623243
110156
468873
281186
707050
481363
106686
576253
368426
938160
869681
657788
33901
404008
547490
373365
471387
98668
914151
742496
608534
221863
867252
609837
559301
368615
166141
768194
842765
796837
94258
608656
565406
217586
386345
174289
642601
728897
144218
56160
998831
543883
783427
956916
714485
866786
249772
949818
98964
133014
544837
222415
420397
137342
397099
719639
911097
374308
993481
528317
614142
112719
229403
664135
200029
399725
52174
948372
613000
804957
61572
725237
669970
133143
856691
443430
246559
123897
229357
923496
769338
844398
620858
390460
726405
47613
944289
852029
212747
898540
812038
510043
354290
193870
756589
777456
812492
575024
303069
530112
327948
480668
694239
101394
636117
314184
604454
269605
133806
517406
364040
912913
144786
475625
488106
338812
187685
67417
258619
205365
648768
57843
351511
727984
61293
961240
749067
141726
76014
563503
335672
66345
211256
507442
847376
611977
432765
637714
938814
104582
825575
891720
560226
75658
376032
417529
910074
318434
16718
422085
88924
231441
558748
484141
229535
939601
492596
955486
95770
482471
608521
410974
34372
342689
388176
737490
734202
352623
765262
633001
404832
639324
347724
5353
686495
99239
202600
280980
67596
780034
971590
503862
209512
722790
956387
390030
368068
377489
955082
96791
531517
530973
666399
510002
784101
75070
285528
129713
182530
811096
322636
465154
180208
305275
236451
266998
390625
203388
60974
825837
750981
126129
252176
200864
758597
768584
975449
609803
652072
148036
399859
796469
578201
863638
488053
841181
157120
979476
612245
128067
285836
650776
611258
537168
508306
915832
164080
145250
665807
477405
164405
208184
846089
857538
843888
789559
121108
641099
239169
194519
801265
227583
981811
136429
720529
267428
578126
723733
568439
361782
83530
925307
371515
328323
393566
902470