776509
541623
750519
300570
513857
112470
999343
568894
576051
983774
715266
583566
438116
990827
598613
984163
701089
880974
662985
949892
718137
500581
320138
605773
277211
399510
785860
782330
774878
96040
328054
733269
383707
276221
990239
110650
457845
52080
544596
25924
346745
487943
473779
374422
5280
654613
615922
128264
393777
117807
584721
819691
839875
741768
888494
415291
509217
274668
516535
830240
582470
930645
254841
57121
807047
563758
881111
953702
823568
805153
97175
548775
518406
927135
793815
57847
235020
250604
244061
780007
356257
709283
876747
989528
185895
26126
835185
627297
499583
833690
681917
777817
825487
821370
83021
966401
226661
395995
575781
477905
235765
38015
215868
584925
601470
829881
54193
62564
602699
558595
427163
155701
494742
415295
279678
613823
104519
37193
776921
647091
842650
125237
804060
444056
626654
749610
494582
966891
595737
542106
264973
26864
572233
943453
987591
257177
424389
471657
997765
177938
564866
481904
999408
351847
912946
509782
358251
531027
933319
246286
335336
712550
620118
933840
151382
515473
511702
697592
775032
796177
34503
718654
142033
117430
504751
378510
525116
918223
222655
708228
801176
352756
771349
219654
441376
380080
257691
981821
206872
89481
87628
951024
809891
759277
466647
896511
152690
876218
416028
711930
282775
17897
497491
227996
474231
692760
374412
595495
890846
954612
116433
101853
850349
962880
367335
464280
850734
628804
855859
952135
583752
972244
576378
327045
787982
406075
378625
881239
100401
859717
652243
608578
3734
528038
848353
232071
594946
761610
332483
144509
90354
712762
202269
213001
741512
511592
127261
758523
516255
558743
933600
301576
418623
795433
236148
424032
859244
835270
589688
303788
688601
803943
678560
511974
965754
584316
757013
945556
35319
747456
750265
401890
426556
27223
582472
152219
438893
864224
645978
426692
222519
210717
241349
900565
781762
869052
719583
822100
561410
891458
607648
255440
873005
462803
279014
421112
352711
649504
291795
46166
929625
609389
992593
753835
858240
420030
8566
395623
43489
431837
74306
501893
576186
78155
113925
83201
448596
18753
554846
683447
266837
846177
416286
19994
533041
786558
28170
675213
92865
823236
46463
487969
723628
254598
394928
405932
366401
385954
880652
344194
463783
791059
231995
391059
677419
824531
969158
755041
769017
635499
410390
398939
235174
511832
773140
467099
841386
460252
716720
995385
467051
87774
929533
466442
25844
853438
636794
945977
743172
316154
958956
48575
468611
867446
716006
470530
231120
202027
372395
196488
419701
982383
561578
695382
155772
185052
188519
834857
729947
7392
996155
327760
191114
593185
357682
433700
794486
766218
318802
820133
806798
605815
882235
357555
223738
973241
98794
837670
3307
429574
859671
565258
42893
435008
980863
337722
536089
546848
508
708887
736264
422719
49743
295334
681698
789185
242240
585604
732724
372574
903324
242246
202720
302094
398366
486769
243279
990417
474728
672914
815425
288472
424880
29052
735492
109843
113464
840988
318211
751960
131189
201338
626230
984685
966225
451278
149111
629106
347084
948093
437877
643374
891453
49199
532609
485108
434487
207309
792134
310001
31111
143388
203925
579285
732889
113649
875550
491548
342010
97296
406780
311480
455224
64741
913575
211485
41701
690014
938957
620520
341499
582563
824314
517101
363609
244147
618547
705563
813931
970908
219619
916686
196265
367895
781293
361714
996662
230269
962592
866510
587624
176106
621256
197364
267879
136621
508513
669764
464110
361641
151783
817176
420655
259659
267593
600527
240083
263783
997051
57337
878111
975154
227755
425948
99634
54294
778699
588449
194795
836598
631821
304414
599975
523198
265261
256577
45287
169893
459368
770261
311441
674946
576906
788404
973901
121288
956901
26698
421584
769952
130013
921153
755189
779745
70753
488462
641671
616495
544820
456600
724123
326125
198505
315200
416474
783840
800109
232657
75229
994017
176190
801670
867121
189310
387898
78898
337018
138095
99538
251664
67955
198000
427229
343207
951955
895487
656457
310554
39243
447476
4268
702154
523564
100216
23416
250280
26790
90083
684493
325850
576364
643702
780073
271561
445363
78834
570491
482437
624984
326227
301013
73942
436769
894892
789631
921376
206939
407968
677095
25585
268259
253690
6775
30251
731137
237674
761279
764681
108399
808733
605777
648079
557175
654839
418092
779858
886522
165232
693904
904097
99661
759560
666352
396495
212925
399592
545862
555294
568627
443159
576576
632330
79923
963733
988824
70255
648702
412440
364865
507095
152
982368
40957
798244
712420
491513
351116
519510
46059
494029
963646
3706
232443
955683
724202
891312
914476
894968
556727
573207
283966
347576
514391
366039
430558
731097
689556
532042
821639
539605
266434
968968
910405
100226
241940
848717
124693
9423
294667
826057
535273
810333
519625
493189
203720
926519
72132
308397
822161
285616
967702
689982
944671
644952
231473
54732
485064
543898
630063
141808
328128
956981
504135
881614
166939
45781
903324
903103
356336
730253
81711
903455
488345
610612
466677
666100
64598
700825
746628
203705
436113
996260
776486
956359
829372
125706
363600
424543
484886
830572
97901
40726
346893
851341
123859
66717
668734
923246
836247
163308
993624
923528
291068
49739
901278
995941
346630
999293
400843
27676
863341
344201
103439
716199
597677
957606
634360
360098
722170
422978
189612
803363
476753
865007
352786
965488
205930
24171
608465
60769
873802
920714
934128
597523
387060
608002
226077
68550
146559
182995
208137
453716
949315
466449
976752
576911
980845
487055
334774
213365
924402
458538
248493
216018
499552
157999
558132
804723
323856
587754
266041
925250
651704
605708
773534
944835
988317
384503
856953
842410
879397
26794
138742
646806
676298
843140
241688
242990
318187
83510
950748
882647
56317
207306
596542
375631
912158
274378
465557
607785
954954
965326
392985
17637
267686
473894
902917
435371
196858
759392
904471
984548
635324
375798
57589
544374
122503
39639
159018
723674
494891
912720
862221
870491
234206
303191
780546
986924
60495
805684
281050
78822
159515
101581
576662
6878
234393
958220
91017
527520
925520
879022
25243
586762
721864
968107
2473
297222
500861
576574
441162
392037
161776
545424
192237
963797
68057
13381
342366
963263
306487
596066
373095
589503
146439
621528
351955
615425
761939
952114
358734
59444
351073
410072
794280
964270
242060
204350
741112
103452
448433
298796
345181
561252
495936
177578
640800
796505
121586
960967
615797
906586
916505
893830
10272
305672
303635
449382
358197
677985
432088
209485
436728
578686
398387
407952
296418
706789
310414
374881
26629
641612
233253
486870
67463
268523
740253
583634
321802
705148
692461
734674
31660
972306
393082
962390
824810
751443
500417
589929
890719
729812
718446
577615
351723
515407
317577
877835
194990
985475
288656
799050
253684
73833
5983
936559
567467
648782
976204
159164