961132
204220
410059
310112
956346
268220
721219
740192
518277
425902
545643
821158
826267
414196
771835
163841
666937
330289
706279
837387
807341
967292
502034
224490
926044
13185
485408
204930
502304
557300
461737
297659
472905
431923
353545
508842
338245
595192
784404
447070
990042
921527
233959
169801
620175
554266
981913
784010
474539
350743
233425
667347
576085
556010
477937
807804
682266
82548
989680
497059
569677
48944
719366
992573
615113
314318
272320
478718
774994
250286
860083
834145
295322
974842
33293
157908
155871
246432
930695
494404
7217
828843
84662
334528
965074
807741
936897
214284
989046
763627
573549
315141
617065
680373
629716
616683
165968
677600
48565
294352