732441
567705
990554
855293
855258
466245
270165
831615
287423
219567
93146
78649
534117
27296
222025
380040
503346
495795
316967
869042
541913
518252
416374
490895
547645
381747
665056
11156
65901
14572
703629
387965
851726
35892
160596
62679
452758
270841
96717
102183
490228
191158
38981
478074
152718
228554
850763
441290
399522
8180
514663
734602
200846
825133
865578
370383
548331
38882
620897
8730
182291
92941
692067
193478
629635
264623
998090
196746
377372
126188
212798
563692
265220
568834
473132
352131
827881
319015
827350
663911
548261
685951
161733
316663
643773
752695
78041
844486
170756
486721
715841
130211
365021
883628
309573
410883
136542
27359
380224
469837