694757
739760
562747
803518
644909
994482
730560
180924
630074
213960
803820
667591
927676
299795
938673
349230
428926
841034
982300
994062
633004
247889
251050
521850
913270
391669
157429
627076
345421
823874
291655
776171
620171
517953
519696
969889
247855
566290
669362
254519
684485
56353
633272
976423
776676
315784
721575
993341
186321
864065
103149
590372
498498
149894
231926
67145
457276
761352
713246
391598
534237
50824
790592
928013
437238
851092
871149
92518
810320
373793
434361
941287
222736
485378
515055
971576
287221
477507
65892
804512
857981
60132
685225
626071
281064
854261
861210
788200
199572
298443
813139
839234
870407
276700
463939
370973
536651
134012
922072
566340