286581
931173
314611
835549
555096
579628
719196
91870
771930
779596
898352
127552
413295
72407
575285
143965
689251
96142
46149
456825
823003
964598
698142
239139
915891
329941
739927
373252
927431
495561
488365
883463
510157
269318
441276
88997
765536
286634
33801
550219
695000
165055
388924
224875
612308
870732
694955
298844
82841
946904
51537
759599
25108
211004
975133
968527
600251
986852
169127
73620
367762
176290
909437
406308
670666
436462
398364
610054
568579
455870
516986
718085
998322
46334
472704
678141
789598
238125
305686
892997
911621
521812
849622
196600
549147
894307
954402
870434
379954
144105
35601
7684
799733
813615
32388
690052
236046
693042
12119
560501