308082
889751
13000
50631
398666
885766
512486
548771
567120
123375
648686
531722
349553
658773
614254
955818
221098
883364
925039
371909
466722
377386
944483
501686
38068
792629
345531
917218
577291
43721
503509
997436
505639
518654
205715
594100
196668
255732
307719
795069
242105
77108
838666
445433
301350
771557
786668
345284
624614
224744
670021
45402
179740
875216
68842
546662
304490
607169
925244
312936
159445
213988
8090
740737
349060
523844
261174
472030
707175
944584
972549
845951
860213
710541
459280
910883
250317
459295
391848
461202
628542
334357
350710
297414
784930
440710
798704
493431
452389
448043
677288
178050
866916
679827
5311
195381
804784
354045
392054
788153
120625
109397
594725
479005
986471
436238
720132
999739
283148
664728
251494
394441
876822
702079
154374
388606
365016
180384
795066
801310
521736
656520
693252
764708
475483
511722
217352
728460
992460
785405
281623
167610
578812
441840
961513
754762
774452
582667
667626
70069
734726
160227
177963
527068
67089
859129
112697
955892
981666
108785
75915
165647
388728
666282
770836
107971
78496
83198
231289
862905
315647
824663
151325
245012
532462
372524
409943
373563
189375
57751
94213
949509
514398
947349
915962
192960
634963
706073
543314
207838
81060
774669
769255
671933
18392
409382
12892
1489
649622
980834
430486
180273
586091
508449
528075
64570
277418
616413
885362
418660
791085
478280
713626
560607
660794
338241
499095
41
819202
124210
61975
772207
145219
386569
265490
821533
566220
666512
269024
998852
57888
336235
375268
141607
399796
700270
904038
519650
378579
833816
819327
711032
524386
147248
500525
828280
834301
264507
90118
908810
686015
488279
907146
421147
971169
768248
256273
974627
939834
430460
521315
888079
858596
452588
374694
215376
408575
332689
161522
122624
985039
828657
52289
197612
69249
398949
296130
62146
292811
816984
654284
488856
730480
978910
671728
62998
163171
460718
172711
730178
726019
475518
498154
191782
569221
885881
958561
407136
457840
614496
661427
428614
353089
862330
804540
918515
780142
439161
578268
137331
485000
111083
214508
931655
855353
214617
994380
95381
350893
974272
928280
206767
708622
96681
650425
689534
270247
722599
540503
547211
136234
199405
260332
527913
260428
923081
659252
360515
538062
971329
464705
666494
512407
284937
455979
823114
377917
781661
76196
90314
653347
187073
126505
744094
490172
251027
584724
933193
174638
991946
595790
12804
446225
287053
507491
421214
759062
692722
364846
3982
355205
801489
495347
904919
758110
790405
200011
90646
126817
18047
673338
742507
221610
508230
475228
472642
900596
966991
564606
784445
940478
143732
899402
757184
246282
234580
639642
12568
688578
789000
427437
870536
794230
261885
516919
195890
416896
398643
5330
644575
207177
662673
464083
182379
60004
187426
829176
336720
993303
861488
763197
879885
566715
177147
762445
740594
585081
551446
435605
690827
142580
966943
359093
551591
172869
646041
862864
116419
544865
47592
24131
873944
699096
856744
277362
617662
605942
709162
373694
567419
246604
702923
936659
216429
483017
835187
8733
602831
258241
470247
705178
823147
48336
981388
814283
786652
550424
429817
733828
777727
755813
240503
822051
673142
377266
10328
342877
659864
842949
562480
305972
445433
450613
434869
234564
664273
222732
999023
786173
352011
518727
319003
703211
706156
346746
728610
833073
202398
499600
922161
873365
597145
691760
835445
779956
421037
847612
341300
788246
757293
335859
931787
304604
128251
217718
245632
176406
567469
740904
115331
601969
164185
780846
985798
177998
880131
703766
408885
390765
372575
758355
832660
698952
904644
787430
65717
747068
941872
705049
24722
223138
84018
250150
344908
496637
283576
662196
196609
666891
657589
446209
241796
323454
329966
994267
799356
344837
64354
887560
190170
734147
587732
536261
719736
506209
602550
292523
689611
661439
418676
690030
851077
988677
568090
711680
209546
147544
623586
350547
798412
530217
767582
263483
805445
853671
762942
77041
371152
526612
808319
546292
925413
860661
625649
282633
839279
644771
816482
6180
50956
297855
353836
284447
527648
591939
990168
830439
823318
397747
957998
741110
727541
312050
276955
377466
364698
190832
73341
84053
820760
170497
313165
298814
985448
398665
486313
527428
390287
956692
475581
367347
687243
139714
900429
822671
554169
322079
123298
450237
304902
140305
82575
508865
909071
986026
259039
654306
535192
744286
883358
336362
126246
48014
968960
160586
80122
81538
258417
798362
677290
513526
687737
191933
848541
476427
757067
623715
159842
888030
426732
464296
867949
526902
506555
843161
707184
378903
974049
162519
501075
518003
478805
187861
243343
249472
62220
733436
227692
557477
983100
61741
120725
485134
560460
314918
662101
690207
917146
376894
847344
884996
395368
602058
146912
647719
309859
532514
161579
631035
31506
855358
239133
583286
415000
498105
866023
74331
748325
410424
548948
923957
969343
690468
635044
725407
849449
362898
11527
735680
628781
6468
481847
733461
365131
585673
414706
708775
708414
218559
749971
244699
382119
287225
197580
353576
360857
62587
988547
519715
63360
82914
471238
48822
884590
988449
116395
169583
503748
882534
323272
808884
12921
848282
568779
479701
424906
306760
623352
513978
585726
208149
254
298555
495381
720429
720372
632142
315468
265535
527157
697563
331664
509918
626388
34284
68093
758536
3710
301312
685777
181188
322411
78271
441201
468900
429440
552455
496984
438250
565381
862884
961496
134471
923070
119135
915662
4350
57000
76333
742759
370024
325009
464392
31048
771408
60436
49308
168543
943230
14769
496727
459012
425361
310213
899427
186443
894853
696170
832048
778792
935701
760109
704106
910143
627258
679592
216586
840520
524817
921596
852937
496860
703578
249453
816174
151838
769437
333466
370312
586184
243495
86487
438264
630417
65778
960041
313830
669368
837218
156317
192020
967600
620844
395269
949711
318248
250257
971600
612033
273718
344136
801029
710116
83807
710010
25372
626641
431813
198759
284089
110391
141102
424806
359366
340071
678765
487561
504235
613067
108783
940767
883053
451319
395556
72850
222432
267287
542855
513201
797578
912840
135052
345929
714198
240452
328422
962156
291698
85301
503218
859603
265797
287658
127747
437791
947920
890343
354058
856251
570144
801558
735266
930334
264045
217244
333238
569133
213459
82055
72208
216445
414762
975715
814078
832246
687620
625964
312099
328275
393986
478877
660951
243717
15251
582119
562940
775160
140811
841725
911902
417837
309020
961228
826566
298118
800627
557192
334364
915616
850609
752866
21942
255642
85444
539734
393217
798453
394786
959776
781194
648404
785698
705166
797546
946210
927030
849905
754700
355794
550473
834989
404508
249345
206769
96432
920974
469945
837521
757375
101832
810191
628622
245676
84653
791788
94636
545316
183943
791208
250180
631525
760912
760594
296356
130316
57438
932428
607491
907788
162664