200212
882315
306392
558264
906832
852962
808170
802144
279254
542861
264516
342114
984009
361764
99322
780185
553206
736496
63594
918888
858902
153603
997514
992294
937008
768882
853850
843623
305179
483313
275960
839075
147297
435337
151954
402694
518079
941560
640437
574163
620106
580645
872068
42422
790955
839614
955397
943268
281483
533360
650582
343089
642570
445250
980989
749230
835048
734735
361437
74364
748486
873438
319811
900082
521479
892127
611168
13926
482897
165701
143954
263644
183280
27898
804186
985609
960601
413123
339634
415682
169675
710770
230968
745862
561297
636482
319491
704036
232356
206546
69207
265546
666926
154241
179827
939436
511274
929954
64711
127437
754535
469148
182274
444269
285099
641185
909514
828624
433652
366025
235909
425702
396058
720842
480724
715420
617360
229654
320992
217598
786889
589202
160716
661319
644343
152878
102282
223303
109358
379877
77770
498223
441512
908051
226892
218108
80289
929646
799318
457278
117027
177826
882114
664388
604572
304781
624175
958630
533099
359956
620696
735151
629241
680544
367361
296805
223684
377913
464909
722997
792631
441469
846765
296320
428725
230844
663091
424316
360053
826099
565956
239304
759175
189412
308396
638609
480565
70030
405708
470554
569349
91022
635374
633451
81370
440722
815097
855640
939194
391158
485120
67756
200170
414141
353524
776691
214197
132269
409978
596385
77836
411783
709656
147298
123655
87329
232584
466239
293449
814690
410927
849257
175682
190170
588327
949030
908495
169723
754168
268309
164924
483576
934310
457759
139561
177465
550500
383548
775562
210744
334886
926111
664712
723963
204756
75136
817221
366830
414362
84292
442429
661148
355164
465034
730631
608714
879495
951380
813307
736816
724355
374864
455982
651797
51013
664770
525721
155398
24512
612689
266648
599858
883835
754091
785038
970021
552254
24277
194149
580895
628262
735698
99955
708048
819544
127727
146424
376499
895378
982761
659588
54660
86877
910204
222453
296927
427423
960330
615390
996791
756940
340964
900420
917679
637181
321655
849026
569688
840985
999894
718860
84360
382831
934431
694736
720403
339942
222925
629112
815977
131404
77530
356364
638028
828298
939279
928757
256684
29368
582505
370333
837920
75021
397417
407281
759363
401455
147449
285704
956585
180649
293238
921117
629437
774971
323742
655992
338041
623370
444375
688748
72384
335864
560666
438777
505307
861902
163898
592977
527118
385878
195605
305528
85078
888902
503446
712452
638402
873558
796260
350788
626155
372403
924778
907645
358226
737612
267460
415504
125972
371977
282691
886711
414412
548059
778653
956654
615557
633774
712180
844334
866714
748668
921153
178644
557165
316027
650845
574241
307648
324790
945452
466011
171827
787770
989926
819152
679322
808102
981571
605498
273914
979750
659330
349438
79905
896377
227799
347215
1183
677293
250543
731567
541028
937581
780065
164502
952119
591281
201714
957739
692497
210067
203397
675119
371348
583234
230941
72697
606827
740879
13329
161500
719487
706021
480395
372132
179474
486806
560188
262655
599676
374224
611040
154873
982400
188654
640681
805408
607947
168234
909899
853062
73032
25905
963875
729445
777698
25039
864260
771485
885335
771657
31712
588312
240694
656266
688528
17806
661493
84085
790848
898212
879089
311385
708538
532400
524802
688130
290573
413784
849210
884140
344154
927128
460091
962771
143290
61217
40050
182374
830223
612575
675444
660506
63526
483795
619251
984986
169222