820265
734787
906870
460276
148904
744553
291928
10297
872035
633288
600621
49661
715599
277778
37022
556237
678430
572459
524881
83108
327234
977926
408500
926802
136912
851227
857146
468296
69183
47559
332259
579779
105103
341503
673011
623443
493062
123506
958724
321671
627797
606587
28919
827063
38362
239552
636230
102510
642879
893354
641653
20145
193983
708033
528935
14512
557193
323747
537293
939144
753085
908576
827833
593843
889491
765813
65873
306701
995611
472292
607966
408771
694879
501676
283588
27674
620324
962090
565708
523098
54607
216716
494685
409493
550949
542317
963338
556439
849771
716626
855941
797099
374828
315520
382704
819144
239385
85240
274772
398295
107786
99793
168171
675362
641251
417968
298263
538650
147090
922342
989814
70661
953460
464357
98509
408706
411991
100512
428193
914618
411994
899967
637988
215973
327409
379260
185101
152310
378885
358941
273600
588773
351864
310990
369389
321750
70662
546586
25077
93163
268295
710470
718342
950051
997265
734730
838727
482285
748922
411757
932207
32781
138170
735548
813232
527658
84271
773158
536145
358001
766011
456247
611738
40938
709128
172335
748904
413333
651628
404094
719776
101248
653287
957087
179968
674472
521929
678926
134737
837897
583665
129767
564729
331845
621360
44765
111149
133357
696715
518867
921859
402606
252447
451738
606053
835034
15199
255880
886754
747602
182201
522609
481630
106126
653144
998277
381098
266569
556418
706566
145518
894283
220321
499556
679235
242068
451166
485622
495837
943906
735849
126103
72293
765408
323797
41243
322981
185707
398881
202093
227357
745089
301522
76486
986163
131080
990715
471180
180614
242489
887263
756485
718179
137127
293549
660918
403024
630064
192745
335324
468486
483455
904556
403078
174781
723770
842050
73421
118303
434191
761073
745074
843550
106070
524569
514450
374561
102755
893495
98312
197209
924524
816323
733791
797811
810385
211578
187122
378470
280716
978166
51107
626347
103990
741176
424692
459853
935922
999368
520517
130518
394043
813555
589162
204969
393094
923699
226408
819566
34195
574637
951501
254631
536726
262420
257001
112802
610044
62699
345900
608455
404764
713575
318429
572881
699707
444146
785845
490329
710332
192332
630102
913678
341282
706892
747947
274369
444675
198789
666653
313437
29580
483844
969966
623028
243563
359989
424374
419572
278749
530853
791864
369848
103188
480481
779297
117115
179396
722942
463452
823079
990922
591154
515988
278540
37945
603744
669255
288172
296579
459569
479043
132402
885185
259229
376257
830915
291679
467018
857627
826541
6631
464011
752298
100349
889960
552841
411456
275117
373250
966207
61695
792185
898065
211103
413780
534802
236532
357650
822548
315884
803449
814813
45873
974130
479335
801887
797272
658778
676455
186358
862955
357394
929231
262338
356950
582297
655244
59201
875152
658795
730412
723610
502448
795604
697990
97141
375593
359910
701510
268039
752164
889286
284377
575595
202232
738976
340337
345772
897609
801403
558837
730911
869434
979110
882569
722925
846736
99858
170613
678895
190628
535994
320116
570290
746116
88764
197148
141594
596712
872716
424293
293538
364044
24958
483287
461633
694191
598720
101524
937704
652582
646442
912639
433000
370269
418350
608136
737009
893739
696938
649174
244917
834129
826972
819791
350444
892240
147061
114055
302448
795876
628038
191746
374216
260064
865623
4199
356289
384231
676375
356292
945400
198980
721709
118328
434101
304935
442605
411265
607282
414589
990246
200547
602873
550186
321240
225009
738091
794150
51651
876091
585500
63985
201626
799124
342940
403956
2262
897790
966545
200502
431720
629172
524672
227383
324102
336340
584170
747949
962407
720360
439699
880664
697545
438864
507422
327684
830767
997325
209684
602459
862377
262956
525251
380900
565195
747341
200387
638620
611263
919055
129748
800623
690615
746905
81955
952211
751866
597960
103083
202050
983840
1392
835256
285202
622937
403857
323847
765170
949095
483032
301194
240835
563052
736718
717063
84304
797149
2913
659040
214892
788694
452621
508973
12007
961800
96615
310469
786860
267533
420998
869916
230714
512924
155022
172614
829245
357336
700378
119962
894281
361283
220742
826098
490482
59280
938646
462542
973962
870805
824006
83544
589944
954335
945646
967874
503089
848416
611026
411019
916694
115139
12228
925281
917098
695840
301686
641633
526126
370571
434656
693946
294299
276103
650698
796079
777980
101464
839927
982523
400741
876406
34670
569230
720787
263517
622821
203318
198370
165250
960909
762521
642533
784480
994613
732318
472997
558191
951195
285996
459385
531254
368982
927114
566719
212856
33049
851686
186292
842122
189988
194225
958326
836996
463309
416999
241875
408854
676263
704684
375309
248818
311052
548242
621996
362343
237644
36280
608832
332942
109362
443916
377458
789341
905839
556272
715398
721112
898662
977466
201840
900136
4243
88726
708751
892676
280281
393543
941578
397067
737510
938250
119494
456820
675909
864475
364993
581725
277888
548177
857422
387391
834543
616164
7213
868227
643297
369103
821318
709806
708902
628944
102978
444855
447544
188941
428871
595065
950660
257104
769934
395587
824408
243763
879906
860429
544426
432087
725175
507078
260866
227022
855012
484104
600389
732185
187902
250349
505120
753739
237395
291003
400781
78668
666304
205370
691653
993465
972399
151911
798722
584937
145265
841665
119151
668683
898804
125952
620911
463467
482017
884837
473159
288019
92436
732077
239337
876238
756665
910687
245918
605960
430720
200325
304591
272209
448956
761271
652079
180800
136541
683794
860553
448052
210312
268424
639457
802038
258064
491217
514954
41146
467924
97280
912196
489220
460021
715248
528783
862568
156337
539997
531024
172330
344865
313807
914207
517699
937803
111408
764331
635909
611493
430975
609994
773206
485351
360733
740897
95000
283787
127557
834797
357481
949476
879769
28011
496966
877080
213143
554218
368714
958332
999594
554923
283668
638539
192349
448114
940039
176513
876970
639532
851628
950874
586801
423676
101234
340002
695300
126820
410005
83705
432991
360588
15067
808421
59573
371890
497083
682452
741
649647
270681
460652
167755
103586
426348
149969
173555
877563
866753
390323
560553
177702
603352
625040
401388
304913
614380
992845
259649
74972
664145
926509
260067
137436
319029
107627
574424
966028
630152
691386
338590
435090
183416
233687
599428
671721
302037
852103
72918
647343
592980
88690
276017
76749
965871
95324
591732
412094
429161
264316
557207
720766
479088
237627
107605
33873
499227
522186
28997
129134
894546
366304
25799
692998
555980
290191
126617
23924
127155
164354
366985
896386
398245
969429
17989
929941
185236
487505
891278
460407
674573
373763
589387
8191
925270
985975
665338
769183
989743
442902
498433
441290
455291
202969
175971
727296
135545
686697
559502
843447
453482
526229
51281
887335
105879
562351
565674
71922
827371
253508
971325
248175
966651
6133
456481
762770