482769
414516
265794
131192
945185
83760
576163
967610
286859
81111
629717
681372
906935
520059
117789
465858
622658
691220
683587
141951
120675
863161
235399
733148
841775
73466
792177
24393
88759
144156
778822
177118
352143
537586
81814
950028
399594
378964
179315
30052
371425
34239
799228
88004
367570
990281
34839
865434
557733
530303
7677
269910
913578
623261
133230
567152
924190
382504
634694
683347
435021
403884
787944
544229
769041
223822
517910
551219
880824
15437
167203
537598
864580
917145
254655
658524
307723
959760
771826
821581
400191
336465
987620
687515
391304
785023
77336
673644
515085
93460
374201
490600
287506
618399
407885
76353
180475
523675
120134
803939
403951
761454
154871
935098
229144
888955
692964
903642
933574
580900
715890
728528
992051
30815
429437
401091
420577
951795
577608
782661
417632
512912
495375
163708
77612
244169
308921
379431
490802
559279
279146
134223
623155
328843
692660
204237
987650
463863
399789
572530
267431
176217
562587
454614
273766
321661
367500
665216
40794
730446
134211
154543
614458
251505
679500
578435
535933
771455
886705
30411
162010
354653
738885
26476
947817
903481
754397
95914
759717
61730
671647
415254
949842
600452
349490
414996
333115
487103
534933
486728
833813
818788
183628
231773
147776
102988
340724
560369
544107
215636
134968
416224
966806
551736
242140
289004
19699
130443
93110
476934
256870
876496
934397
17340
576620
456633
792762
34046
461463
38265
972635
25294
584247
65736
881254
177924
409621
628339
376651
37819
843417
111389
110354
669852
979723
361622
793203
570692
671670
910101
402308
205781
499880
836949
626829
513686
567319
529290
897463
299656
318942
652159
413731
788998
717348
664270
429656
561879
525534
186811
38612
428628
211178
751533
894723
379888
671964
721737
861198
223465
51286
648876
730314
220810
91664
885317
460369
825562
183096
718798
354478
288997
623347
246821
806642
308260
929281
120907
792419
798347
148350
672055
81684
937328
10244
157656
927568
848147
727918
819046
429424
703310
422136
190116
830988
124826
614594
413620
894862
711547
76019
447574
531298
884297
849850
678911
228041
637469
693104
939730
757453
184596
247322
244221
936271
53507
337098
615539
639676
604407
547172
753793
370910
480615
613694
846799
185743
916665
665121
436086
343304
406957
405997
730936
380247
231146
487128
616288
221871
171427
440790
599287
131161
438758
340053
218080
544969
25921
510368
458705
104075
501905
755619
700078
88220
70824
567182
598020
896533
317274
882002
402974
272514
77220
136328
301576
555025
648442
402417
483998
724454
583852
522840
662287
700300
121780
817876
430772
417221
988766
543465
96647
341058
553620
212750
559809
675694
280069
980874
805524
446372
177394
709944
815874
516418
859733
667945
653400
634005
182766
148520
199691
768499
819051
7448
825325
644840
77299
132282
863692
316552
998287
506699
29544
738596
832949
250058
629838
247831
349107
763992
126741
650944
28788
254967
968052
805386
137906
397557
302527
329830
450873
379746
884348
420378
689300
93756
905190
496499
885974
42092
613181
551126
434118
4329
722120
675893
664232
20091
376937
659293
214116
393818
496923
510443
168022
678965
2634
286175
18161
967310
334
256712
388240
889666
329734
914527
303387
462758
896013
966512
206930
787085
246172
544051
565689
442983
594812
549753
877664
691076
578789
169026
84046
114102
791416
350635
432842
169619
514070
996292
522757
438361
516507
4160
122215
398061
637371
890310
355572