804429
555241
22013
679783
342966
300892
406753
727443
823090
579293
50372
858501
163850
735915
304390
103760
845018
855929
548661
65434
194386
9742
571426
402880
160022
242940
160209
233510
433541
89402
534922
309534
408919
850208
988876
616883
219872
63359
904353
242132
425457
650971
368205
328856
128478
247303
432736
975602
221785
755355
493547
944114
862653
19859
76559
305909
721191
63687
454449
829547
98047
152515
765257
188867
236885
640450
708698
166005
69669
290956
185276
489643
483645
568681
191125
262797
860662
289856
419686
264360
819741
338385
30593
280826
928694
379020
600153
237596
26390
519436
996018
753932
167343
501171
512503
89046
325417
858722
979626
904223
277803
486613
81653
317198
290744
301722
714080
883992
143542
187884
180188
606438
982411
400240
187452
833636
134944
784075
178179
328552
62663
638494
136856
95933
96185
76447
395030
144524
325944
860565
879104
906726
757459
99184
994450
828912
229128
507970
537330
836460
263939
644574
464837
891936
450885
847052
406494
452709
306656
343717
210322
136077
433822
568913
735335
498290
372226
576475
622379
933975
258214
606126
809696
382462
832643
633711
53589
687046
636431
844214
523600
313725
209025
799401
144807
862538
419696
224631
678446
539888
903897
388975
913162
117440
808000
487930
220836
489822
563181
786363
660153
727853
9175
491138
574223
553178
312799
561447
717890
385538
721075
586569
250813
190401
162963
458787
921092
571544
299696
963527
641645
844602
243568
339899
633135
528115
318351
947117
222930
364342
149343
821459
320966
403585
638704
954403
771088
772399
428490
33068
334623
48346
916311
204688
89661
21930
496286
758174
650849
964223
34794
173392
676193
697655
264073
893534
375556
264796
142384
951036
663605
60269
687036
320119
474196
384711
397523
865256
800679
756976
278761
104210
458990
945344
185694
795102
327700
850541
636997
350192
294273
353009
772864
637285
643596
999578
509063
882540
611662
747822
67143
20670
865042
684664
692007
33467
50984
313075
551973
40354
93849
254802
270367
18925
747700
467626
701678
566471
598151
108285
303597
638699
478570
45732
828887
257178
170357
65112
555726
807928
883473
101213
716664
212356
87724
390795
886468
684786
602630
744954
470027
122215
467817
210633
519633
136273
128821
689547
606442
667616
159001
777231
299705
55268
551646
770571
165780
830212
446237
934821
243907
722328
752081
372125
797992
834084
214919
481881
715128
454834
317746
161998
416039
136139
253211
302665
795234
882129
865845
422872
113142
936636
123982
97687
121550
283439
383714
352154
683801
243446
697290
346612
284362
42079
863889
178722
911353
117298
736679
933783
708519
122318
527407
842597
188510
761697
548531
173445
325495
762371
741431
119299
107638
607280
478443
500873
512591
107168
76858
635334
896844
384901
10047
207098
216902
938784
523799
783009
509712
36992
429265
496697
500852
281241
54594
178866
499285
413437
147638
802610
212019
630201
291969
905345
188749
485455
530739
704088
929121
657995
906153
209153
580815
218372
477632
402730
780380
594289
739173
108428
873426
21925
850440
862963
793284
827880
764207
305001
999534
3444
209127
253827
805947
785929
808981
112775
241697
952173
730282
932216
436648
835460
848628
796737
194440
312903
180690
849146
985391
387940
417920
247833
652513
943922
981136
250360
37114
942863
793850
138558
308815
29465
82378
47213
428915
396293
940407
72200
221141
469343
241236
850783
66310
93534
565792
510776
239449
150499
392120
462044
795044
176206
521004
785403
554850
899197
846510
731388
447930
924643
17894
314853
560091
214080
777379
226084
285566
295298
927917
656952
245389
977400
693558
625343
987618
818543
653870
742236
622120
437547
714742
111556
926686
406467
140140
256102
503866
301466
472677
847221
772394
387254
290425
468883
882421
182014
722039
729051
237120
39188
574905
286347
285741
279437
878995
176077
722974
269321
896677
431008
627159
129076
861008
72999
98178
257752
922373
902734
491211
832476
568121
516693
869611
923932
241589
959419
46787
524966
65161
972807
988510
891983
301472
548405
585241
735409
689839
9660
145823
494402
589960
518840
605516
456721
12811
755449
689459
648351
60091
890664
447995
540823
24430
746320
594212
135019
16350
907920
918759
453645
332318
125788
12668
97863
348326
896427
836085
73656
231567
828097
69640
229676
482842
137049
274538
153174
627114
926702
717846
368492
791442
16358
647468
961695
592649
53596
10359
23606
17594
97864
688775
902726
594680
592525
594045
469648
682127
415968
406565
348983
916598
747536
587837
936604
372512
656373
633940
811160
919793
536185
32398
981781
564302
840894
224388
319498
829901
338475
260296
337233
526220
901462
811142
575846
474397
803343
223750
813182
49759
83911
6541
665217
764648
163228
971811
690086
185182
340802
559536
209962
860709
197775
214464
884397
416306
768227
356646
718697
254334
788273
476412
244623
907351
386927
269704
607040
728336
149334
179322
765925
603225
196054
304337
527979
847721
289882
352606
788638
710295
863539
980065
489057
683465
688803
886607
551303
345475
548425
367349
482962
868449
426980
667958
23878
660832
453125
35888
547752
570262
157270
808957
824280
353346
835840
949462
831112
810878
348158
444369
214232
919121
106812
280843
223888
135329
625323
309472
103737
184325
209316
972823
966168
276281
501750
749403
987592
57834
308302
402468
2995
120434
424258
614837
366893
63262
380794
612158
636845
955882
491963
149537
199976
354830
111249
741457
217931
980209
186265
485143
998293
13628
511208
647279
929936
168970
644635
543439
935786
138107
779964
444295
625780
208104
759630
459139
833974
970736
82806
912430
491500
178609
767430
558641
810978
656019
792742
716633
942183
405310
981153
868567
324721
145067
248266
551648
7501
953240
806089
278453
943872
776981
583301
322045
728000
72508
21167
667278
484360
48382
751529
398602
534940
207703
845394
831846
18585
151715
586864
334790
429304
164491
450360
265348
650463
61784
589308
415568
734115
264616
61810
871345
547615
596669
388060
360106
733226
31219
223961
704759
145079
510922
962568
284535
210958
762401
883669
638627
853219
975364
82785
456124
593168
108956
474322
723139
114164
476869
232564
212450
16615
74493
93258
410472
361241
463671
393014
869362
795014
210511
310912
169509
702167
409433
885126
432599
771417
109714
482945
897421
985170
413816
617455
181087
225093
487349
417186
158456
647684
800695
181605
689594
333037
681947
959750
940286
576194
379527
51717
195065
191721
883351
744919
4986
34940
890862
85399
931791
217806
893615
419658
458952
416700
742596
571853
585683
546283
469659
510238
944390
610595
275249
237123
175036
789639
332102
805850
740438
278576
859568
18430
58659
984934
647372
246355
930650
593402
158991
80239
503364
265475
494394
505189
703990
183859
681708
849519
974460
84117
185809
989879
750098
807909
33657
691650
239436
907979
719235
147770
546837
327094
803128
598166
222804
356306
243188
254120
609578
582629
35262
703043