295125
963566
366478
40551
310815
239238
54157
690451
722122
251295
853853
584331
968286
559792
903775
923760
504075
464650
888166
442373
736142
856906
431853
253172
718700
821112
648614
385335
206619
73856
766450
727977
136448
379659
914348
601578
532371
149560
593247
523176
55007
668604
246616
666257
938790
946963
214423
785938
806306
660897
471391
899530
890725
682986
837037
794128
291938
757034
294981
4957
686788
568595
233831
816920
90428
502945
940641
992893
739928
840283
809854
381992
490767
512552
617628
976068
810393
887370
111131
707147
463163
501052
783473
761208
222368
668580
50651
911697
355427
525685
836654
50122
905962
106085
216652
866520
981100
415493
675954
943380
118354
134274
117677
961095
521339
735222
482732
519512
500570
434924
493617
761231
448251
1263
262690
933189
745187
981965
241724
493674
196564
476397
625127
65971
232623
915594
770148
387550
532532
586251
453794
303843
153829
321729
65520
578553
930698
737468
700813
4289
777165
821386
798364
75219
116741
180877
601908
855268
538896
979832
89363
982353
779224
584934
609458
951242
703545
773271
716403
545822
194745
322119
708663
717982
99509
610157
771852
912945
766109
457741
462851
983668
618326
491834
383072
290955
978174
267948
386539
147209
433740
761529
418724
594296
366740
65268
666579
227461
13482
41183
964285
100939
44127
683149
205683
609914
668007
123673
746692
883555
270299
651388
46098
428516
587545
546575
570370
707307
996425
337886
285901
566056
244091
921509
448052
554579
878572
911914
567632
476631
70760
336566
294151
151258
918409
440177
178203
550186
856029
487769
450204
448645
163493
840607
395326
789700
456186
978526
125317
772454
642315
963577
219676
794613
521473
594639
323206
799895
787907
114653
191340
271028
278805
351089
349140
459582
175195
496583
860466
62241
381372
61506
271321
743497
271906
552968
789322
423499
292061
767994
712301
805809
211751
37007
528733
221157
209090
667020
197854
179768
47294
418274
660842
722448
481687
914788
91240
388844
168698
999651
248382
552661
801128
820583
661309
652900
440692
165197
596091
507370
82918
576696
334783
684479
445570
765877
408468
33962
946594
828719
150208
995818
489792
140235
956495
588959
282768
177313
143816
647448
284618
203480
288065
263610
176837
789725
203726
559881
989567
35520
982485
416854
22201
560811
950653
948677
447615
776319
640837
208954
407174
792012
161777
235360
578285
115117
354014
452053
216678
550207
17143
62838
856750
185020
423296
22018
35320
642295
519184
659693
256680
855734
679836
11076
362426
652455
776109
166007
388163
874241
974452
844872
441488
253432
867252
110351
441003
246044
338589
902247
72380
635663
56889
66617
994571
729889
825471
788962
294691
365578
779461
384644
848658
611971
318483
346662
316366
443841
863251
132937
570994
10895
705252
6024
450149
635783
431821
643498
993563
535724
860686
893192
520501
661607
537235
404117
776196
522268
211394
973071
937003
93289
801715
426881
815394
379643
687487
398386
525847
637964
13361
302446
638639
776253
519706
199982
210218
57611
650561
657830
896292
338929
518774
104236
146487
707034
862471
842944
32190
217154
245452
929660
842293
520104
719325
872025
145468
727090
661348
175515
611066
938461
833101
983451
272094
129310
571290
75439
152257
17242
207954
395191
245223
94591
149145
406087
180453
466365
298779
720428
847580
587749
562338
740253
591267
450716
651080
414400
735363
371643
568262
779477
352923
734919
544618
897219
28708
270664
655975
624189