894710
931219
279942
538875
834377
108216
286978
186849
34340
923640
151135
888500
750183
814501
450561
71410
752461
479012
1508
161000
290995
682059
580597
433881
686007
437077
598781
648583
560188
137536
900152
173089
863177
98820
500356
42696
723985
107439
261429
81792
936013
460449
728197
978224
139077
33122
245609
392853
541999
160603
862910
496585
104174
948344
523426
846060
29627
881175
511200
809708
544673
883181
830915
411959
172450
320694
668235
720954
200311
993174
687102
465940
335285
112465
463573
190300
802507
139300
333335
584139
480232
10494
433540
786632
39545
744222
880359
652751
591312
877322
91855
666237
827552
780073
860119
871034
463717
178174
325280
613315