416067
243924
709679
313661
349534
410432
545808
50892
134623
19245
753061
449691
49458
432385
632945
817728
440038
293980
7515
42054
871285
808887
856382
865750
102561
643862
773021
145025
919737
613737
349108
48428
76219
568965
912489
152793
948563
253497
849698
71822
683778
569552
589104
897892
374554
276387
907240
798829
137765
701592
997139
759619
694822
368827
42299
125418
484727
103351
807654
325217
35473
205424
325087
404618
729130
138368
875183
539891
798905
708045
142251
652480
888277
298692
536999
916343
136379
633332
749000
51304
645806
724617
944375
460535
138489
295331
352626
700231
356688
798226
97404
56837
577109
126257
895157
427086
901558
905500
122628
612478