742278
301737
287090
228601
377273
875237
690643
372445
136858
687371
848489
263886
177352
722001
203050
69209
223864
566243
80255
790489
465328
24639
15503
391844
414640
683120
758390
278872
975915
334052
64660
862973
453554
334636
580482
510615
797106
150609
331424
745739
817684
908301
627658
151083
800514
403181
526249
541664
289034
35777
637477
232051
204443
976508
130680
623416
493611
70639
664222
545431
879419
203933
581801
135224
610546
570106
814704
515914
27750
350597
949159
154033
261370
369727
840907
654730
396961
785286
300980
602076
252353
774035
78796
185052
175282
768461
148382
78556
321829
475527
409672
729042
583842
284125
428235
342017
816489
229414
297089
304902
749434
439190
338926
2561
123952
646195
422574
841822
38857
346482
868814
213951
158913
98670
645303
34696
819291
821124
470662
460806
474369
908493
803831
183165
238211
890489
718783
179212
980091
726404
356152
842367
705233
849048
179831
601073
699355
186175
963129
223772
386524
897603
668284
875391
339373
651877
979755
160042
940026
644406
938161
9065
48611
518164
301807
527051
45890
462597
824136
401486
914188
482281
681305
976936
105232
319391
263558
387188
950173
869815
958320
745720
922561
79759
908355
753551
114283
241996
488683
992120
710834
957367
900774
991097
792943
68081
43060
191345
898244
850196
136876
508345
966720
807784
306345
500406
575067
893375
195425
285567
137052
615150
490389
65701
838746
2472
411492
681251
852574
107064
284603
219043
417960
544155
631719
621995
123209
627383
610955
640802
564717
480316
714477
163203
556667
274454
782314
61469
129045
358924
956938
559172
853882
683384
730350
447256
481099
666083
73830
208495
969451
440252
123103
167394
66431
784053
277818
411057
579412
602555
98743
466900
893728
924816
606544
218143
873121
636934
543202
224720
491426
430809
391814
763640
47132
228842
323263
196612
643961
753620
298699
130600
696692
402669
985436
683431
917596
884891
480225
97153
392182
982864
445821
157560
537282
315875
379161
824577
930262
80844
879253
285956
89447
474300
135257
193744
440999
449879
659978
491295
389512
592463
694425
587584
374110
848990
139637
608807
307682
372320
367840
267213
71250
57674
433247
285829
268150
678283
323467
247709
301822
636157
750277
298157
296392
159368
852231
596479
430333
984468
999189
138842
650907
871016
229137
58413
611533
122212
814446
468693
816246
733399
155773
210379
783564
765694
14947
408365
886177
789530
475820
766887
211454
465196
173880
337406
379112
16208
918995
696377
412100
906739
541347
145196
328150
270451
519034
508258
193957
979474
966220
107238
428219
799701
796346
938926
877320
934335
791820
735717
37286
662373
256766
181652
786232
250734
708401
979500
793707
692393
126210
20146
650014
484555
705720
442119
331102
171587
220823
397907
602506
619708
978769
568142
333270
866479
104348
928490
39019
281826
435999
159584
654314
686016
372550
501782
666065
909654
452277
500138
989431
176744
563672
566238
930545
570734
490137
613600
17111
309550
492203
813492
213152
358711
587011
471616
784170
420535
451175
992372
498327
342138
578143
19156
506769
520575
433543
275747
776237
988472
294726
351213
756973
241183
624729
806450
333856
140848
582921
559274
444964
118023
72891
942009
529484
307926
217190
538353
206940
734978
384159
424190
218801
923739
193936
577266
143486
453942
835207
972334
972208
900777
715562
746217
954163
751203
257737
467040
828814
79141
746828
575066
768746
276001
950027
347031
740400
929581
485500
191637