955536
715590
818538
61217
780281
731268
238332
549099
299051
432414
832312
352909
745430
804464
17159
413986
588857
453813
700911
544299
413573
294337
823173
441370
338207
710104
537472
894269
509317
280042
479656
460741
66696
824876
405996
170291
80247
492692
11283
234974
242076
32817
864715
304611
8736
713188
770142
674345
569929
478015
204482
148687
648932
991864
447823
243317
141886
957193
829323
658404
646476
784296
175585
374811
330858
748126
50225
514935
791168
751943
900608
56510
276417
636453
797392
194440
310221
655136
245515
919754
114935
624222
863321
486208
533024
312699
523729
916726
310786
881445
904395
657396
989769
631575
591188
132868
872539
804080
106427
690721