966402
709058
9341
673341
619927
60879
456205
562619
650322
392914
84643
327136
943958
976893
21616
616498
664565
609705
638351
63128
39985
939306
988440
321789
727387
455501
249875
519517
27421
871152
918919
60912
390547
18238
571952
433583
223315
694214
463886
941639
661645
339704
562458
327001
683662
61563
434068
987948
833951
126701
191415
908592
982730
963448
348750
783856
740860
86989
437792
699987
940934
270657
569095
127118
826558
579520
273055
943914
527106
13618
955993
680941
316956
375528
360879
244136
432513
448195
443314
890460
32884
844066
47807
960074
968712
578757
680336
91862
632002
260547
345902
416535
198172
804516
885956
124670
250662
451356
304912
379616
105800
507429
5234
583265
590178
715895
234919
484351
952852
163879
472271
671288
119897
603289
409386
677401
565710
293859
682465
460965
847569
134144
872257
253982
761476
949166
329730
351410
949681
357093
188998
374533
682888
145268
911837
541655
4675
820345
559621
940178
805866
307260
323247
149683
661106
403176
753212
711954
429441
912232
310663
664079
597069
476699
374107
153883
957218
559091
949509
184800
2946
61871
686917
486798
703782
217586
13406
377092
149283
644416
750669
727639
385704
676438
454678
662977
427428
616803
579833
718697
971396
787110
694596
989066
507162
848741
176322
942531
695193
227655
338577
750971
975549
123279
886929
50799
599431
281333
531832
445338
390182
795491
714307
68288
883506
105417
828487
732118
719313
34909
691750
425361
875708
282354
480285
541705
891868
139636
12729
777034
547342
547518
645737
796728
630150
855704
109807
738972
475535
215184
362609
329679
520432
177715
133804
509313
857771
760360
422728
735655
868383
444842
227526
315071
43341
115681
822101
636289
569719
915739
560452
800355
179812
365291
737299
761033
752001
250206
473954
379016
361633
511703
803083
655702
990885
286086
850635
837967
87479
46281
929307
170470
304944
937823
677021
984358
32474
293381
446258
113764
9295
255919
37992
361604
226112
419428
637073
49444
476178
9974
312558
644456
598370
646365
772170
606435
529705
211632
565860
137822
129659
186111
535237
470025
96746
980687
135919
630972
377159
960115
364086
714792
923592
267203
379944
863518
801029
37756
313255
991675
277085
508596
217304
516976
137461
618104
518068
879658
925024
942915
472700
670178
159707
246685
954377
376642
406447
19727
541377
249778
271353
3710
558694
994815
611014
734956
991816
175208
200920
701894
194267
936708
976518
576490
417763
425875
496191
83066
235659
90847
228910
378646
823766
511758
967098
386169
993645
485767
871269
365362
277782
958463
229332
346108
935877
163231
941421
322364
467021
155732
597596
638616
449711
161842
864945
915823
918163
871878
722723
274360
720981
422070
993656
87546
593014
174167
750204
548389
435123
180748
999470
739724
567411
998613
176891
87424
666649
980923
343522
388106
982073
291990
918582
859844
614760
370234
357698
572500
806317
629948
303366
900550
902675
814628
27488
812037
810720
855729
131910
378614
870880
288643
907248
392498
812954
899305
2579
466974
826724
163655
149895
65896
719379
898404
819081
582431
397898
453326
797085
3951
868979
887402
342284
830136
475916
374940
666251
170123
542233
929807
843516
553536
919096
257377
235981
624951
306705
348782
794431
383081
427627
229368
427009
667882
739292
463600
742202
227389
930201
841763
691302
975059
961131
575492
68696
271138
798851
807826
15453
748255
670564
679974
760257
947160
360190
824987
148267
235055
760795
548762