292529
97403
799939
981802
687802
228724
305154
175102
672264
953627
270833
383559
909169
360971
866261
183809
70247
943079
682073
345914
727250
18958
562623
539477
835353
595646
129714
815546
882496
370242
52216
238750
358572
376601
703235
777834
639233
821413
832166
188619
879276
126476
584357
995797
141180
14191
159013
998548
665323
331397
473538
878705
500667
655379
7040
197502
795452
712970
756185
662878
856810
237053
896436
210516
622643
895357
617975
128678
491733
606419
434035
311981
627366
570329
825598
246972
705517
991797
839006
328683
179374
3699
897377
249215
858884
683518
667210
186167
349222
256315
570726
458422
210956
467714
366332
523656
327146
709690
986722
364754
370587
598864
198252
237339
229273
973972
994048
724401
89065
110576
119493
643193
257812
953925
960314
600855
730575
589668
685475
742581
396476
908517
685405
993780
756489
386152
610771
343213
903222
152102
724425
816163
735221
933362
950422
737671
709482
233362
532014
333862
61202
788660
593053
127027
111295
133007
483088
258477
996097
57047
816590
404332
323041
552732
9220
548174
40903
74176
411453
868792
798331
848211
932016
813003
919688
12941
219315
157029
439805
994151
626446
366353
738509
962390
711082
366220
615510
865381
968553
120181
245502
256878
723279
562896
737274
336180
52957
791606
73065
806560
276030
11421
283676
357590
263259
515136
772601
857908
363785
916971
412277
348519
468642
833189
955454
987945
697073
226489
59
924123
641095
233123
670443
203386
624682
969556
329258
922625
46509
565666
421778
341788
607003
167503
41790
696964
810573
862261
458474
4027
210907
133835
669174
787878
213679
935190
362761
629314
119157
699822
515474
228548
294190
778795
275818
535953
555876
870253
176278
675415
110456
414597
265768
104646
982551
217220
799364
36655
62347
935197
358528
84279
241518
833977
304933
891639
766905
800216
609747
547380
249274
362783
820160
233142
243876
52994
290721
914247
333120
380366
491105
94666
674690
26707
463950
355317
676662
169069
871059
795756
575449
986543
649248
410875
934148
279851
43430
141040
302851
387487
992702
940755
114309
155647
149225
357187
155755
109978
29938
742383
646531
4780
849264
635949
434958
876993
995368
283002
94973
963457
519631
845135
523003
268060
947692
822620
492836
410386
452572
534436
611219
947679
252655
655028
366552
551234
817712
203841
298057
532137
660419
22429
989295
45051
989926
881238
105505
780097
837657
504299
580719
857010
357850
690924
604533
43801
765386
532525
798735
359525
799659
327654
593515
460493
486347
345642
846137
881054
538426
336258
446208
896546
228982
85990
67146
570095
481320
25943
193280
226249
444103
453404
587344
645813
115803
667734
798666
498075
832732
77250
843722
56342
962297
59467
332048
980828
43060
272714
962796
534789
361578
646939
533588
236218
398769
971485
44376
273979
476122
103749
51884
562124
913941
824223
737572
371261
770100
145059
929151
181973
362824
561136
256986
968730
947367
702120
47941
413376
51023
535015
155123
415212
239717
62112
437451
780003
446934
999638
917275
831827
331359
756469
891692
889278
957479
740811
732784
315775
267401
357862
73432
969211
218480
256778
346306
928677
80028
646031
180560
195821
544129
935893
398100
651974
501902
675813
125479
170834
134603
288998
658713
240941
318299
610873
233218
487379
456353
626865
181559
62895
962687
119538
817241
550529
822458
532901
748679
519338
219001
227797
3123
573975
54700
902825
591890
185288
953162
702654
323053
28028
223602
757088
293909
660027
294963
651494
734899
824191
720487
189095
213117
814528
70074
642716
417157
855643
167113
753236
628332
641822
158245
92366
712563
105650
486454
424438
580658
26726
530364
409343
639265
340756
283697
545241
558035
200946
272395
847568
398723
508599
118173
99649
75335
772583
606365
307833
162017
562813
83584
920939
935029
578357
989505
745678
120980
305523
289985
8465
503606
455315
452553
897596
115527
369102
761067
608932
870552
153157
74374
645130
215670
59309
108519
439570
550360
294104
601869
121307
289457
19612
897861
326719
177062
784226
847476
810664
239578
133197
951155
853389
841444
276292
444052
865800
331042
729118
435395
568278
695143
709737
439944
778666
156303
485783
810537
677806
158580
561734
353005
441623
421433
833066
26235
844387
836291
143386
935968
375602
111368
876979
494575
328446
311423
113261
968386
542201
930871
599928
843871
240386
576132
289618
572215
915203
731988
652136
7304
443946
441823
576742
40289
427713
751101
223837
441285
877292
297873
403792
387625
307455
470947
626139
423896
700025
294284
344769
633079
374817
998282
82129
839074
46332
266163
99763
228084
650664
672327
485972
490534
385561
904094
216428
806351
918765
683264
664232
11849
435821
840275
756281
149940
977698
522223
73465
455188
846290
305998
329013
892694
729366
660383
96475
113776
485529
112121
842625
737893
822319
853101
2895
69160
335631
998836
966923
650264
938223
611719
731199
229866
669562
172686
815177
24933
469489
739440
291839
654406
538331
419657
501884
118979
311210
923577
81036
179757
550124
597721
859760
565998
140778
275017
143246
271154
982817
290085
302136
912739
498394
830038
792215
360268
275816
65412
4084
218783
262718
720745
422882
753489
160490
215809
632332
871139
209778
578782
163223
411644
625034
144344
289907
768562
719854
260257
940867
258408
884514
274614
319847
995857
192772
932081
324386
977747
264651
527675
212589
77830
785950
483296
405015
485019
258835
199291
500119
533210
634306
16336
999472
642883
909766
970424
532415
541334
344208
379703
53156
434863
15463
730793
409483
190025
121664
444059
582806
795747
567605
78391
374505
948991
577061
876311
515473
30087
783529
260858
279953
249675
690286
143380
835083
212261
842228
209087
921352
664638
700258
754576
426916
751337
659139
277509
144345
219116
442017
913626
549286
45856
2940
982586
833371
95726
794407
17426
500804
1081
708416
539906
217200
548314
912650
563757
551836
46214
462569
247856
221313
972941
246777
899439
554423
285371
252939
8843
885380
376481
832316
681456
517766
600366
698996
646218
564088
222070
722232
199831
939556
570389
958957
430104
591717
941165
937770
893089
968472
224394
295352
679440
104991
754343
179561
390554
832593
837898
190609
757057
929538
509962
647078
175265
58218
579825
259632
492970
828980
633980
175660
888104
356965
68607
586563
469758
555047
630949
703266
467186
227058
646421
204470
958241
714070
723697
937669
395731
316134
484792
996716
13097
402372
401547
404657
402675
649926
285517
806020
64862
10114
492387
998039
217547
924668
310427
316694
793338
608552
162920
433797
538469
785053
600139
799094
766057
38361
409294
836451
258463
319083
47147
941997
926346
375105
126857
931954
352040
144206
67878
571205
892267
555927
219920
392461
484098
945115
291917
310651
467728
438557
247578
187369
898430
558671
463760
230604
599852
861917
531427
791190
230978
795859
581829
677931
929189
947947
292904
456893
272006
896503
68896
43974
202196
456935