9866
924839
873375
401050
489806
403569
728103
186921
728723
827558
582853
214491
399585
718802
303016
748362
969442
200090
800538
229342
808797
438413
555666
290551
836253
722914
392486
293811
218416
639892
28893
250396
582091
291543
388387
45105
56203
512885
94741
410063
152662
59850
418428
809340
496608
68504
699607
42385
379018
545736
157201
705
534564
132030
250066
224266
202259
905943
638258
878390
743502
404034
920391
485262
798210
345528
350495
948316
627158
258841
681353
604956
985481
916965
540238
71615
969910
403283
881726
474075
842233
525649
702500
659314
232300
942169
854619
567836
964811
846124
8058
912276
878646
96175
169706
838813
655636
510686
346905
311503