234886
469032
936805
262907
546521
964931
832468
440737
426201
356351
632698
761813
944999
366569
701866
82638
158203
832960
622026
140012
871909
609603
928228
116313
387311
530869
36954
387932
631647
298033
630326
957626
148953
769187
365471
682185
488289
263018
846760
254226
487165
80521
628867
906914
373368
246276
972819
456621
179907
403293
130911
579488
126519
164843
567458
230658
27510
847635
634367
584965
289199
561638
283217
819951
182207
919127
235489
71200
354613
173271
691313
10815
399598
529871
243957
189893
163807
602169
542625
51686
861041
707996
550621
728599
209287
51746
366358
711360
349531
221591
4846
875264
909894
508096
778003
921751
99998
683222
61805
128821
166713
851614
486641
741916
607248
454438
831699
102068
516992
19229
639576
7211
140009
160079
462537
219526
480953
402621
141955
25033
245827
576021
34092
58559
845577
582995
552832
750631
276505
480820
674377
306683
357394
787154
245677
704542
302984
365857
433441
302305
856061
551556
833724
468657
166032
42957
612070
272417
986226
290320
935855
779728
289618
279970
774716
408695
209883
686451
346716
317969
31571
685061
56504
213415
939428
254280
862761
202615
728312
834324
567652
444608
57725
733058
646800
253293
410312
731944
114488
365020
698133
227375
804892
3145
801005
809362
533538
309660
824736
254068
279786
432139
566130
493406
902655
243309
810386
938005
526953
950301
892485
593044
435999
669063
484194
742443
472857
6290
828470
743924
61828
546730
482311
29421
841615
55784
268982
570167
180963
647905
322238
814058
664239
463816
139929
202899
160865
720320
197377
310859
883248
908483
132884
2677
836886
203624
525072
275027
231323
203476
619838
931845
756365
171584
424940
497312
878988
215202
903890
148711
38721
317243
463894
703849
320495
279804
462315
213750
425442
462742
369044
379263
167171
114205
676743
454089
430157
433047
358316
634254
265370
742567
521669
638192
796119
308369
364263
757851
973975
927913
127526
593206
87811
127197
327823
426373
205806
668955
292622
313758
118022
699680
905712
83333
21862
146783
913347
32999
389129
242186
155738
530031
652570
799295
281965
91401
754215
20626
334813
677937
542643
85235
160980
89719
754794
209468
715
387857
64431
871194
704549
494812
682449
440917
236793
66161
321245
841597
765677
122912
207565
342771
540285
645836
662750
337425
20059
15971
808383
905527
633457
388279
274149
32179
484738
283838
469244
376908
203182
20579
873911
598635
76500
566598
469896
263975
769041
161943
675692
320427
707111
851722
926686
711046
585978
716407
530027
301903
412980
263506
931621
404531
412615
625794
663537
600285
43666
415008
315900
562368
67037
672653
247498
806980
745919
400496
735918
423755
249375
671819
911062
753118
492055
443897
229694
205113
422452
119494
568261
47663
704154
526634
967581
340219
346245
472996
905179
938917
160746
129264
7022
13837
617019
333732
763500
279128
422282
839853
778696
575604
234885
874912
328352
337673
851743
318207
596595
678653
480272
880075
953520
451556
505202
492096
848873
486531
241228
14194
372326
756031
777452
555586
334998
700263
84333
807613
87265
57179
813145
789521
607449
141079
313767
941548
289550
109792
34789
189171
137216
241673
824497
606875
431727
129122
1825
142120
183759
38142
336003
454080
908248
422816
435582
158763
526905
55426
277463
8170
699948
653953
328976
488112
850149
352552
368042
885441
165860
905431
345612
946726
837354
632079
547260
488522
627912
530717
371017
658485
920338
760417
28235
891490
736179
4155
3970
274110
112026
736273
915612
800320
805458
596542
615507
24927
740464
489562
201650
16181
193893
218210
331383
474222
999475
185220
895764
91180
796989
528010
667792
245947
477238
103904
191627
333548
180860
54851
212062
386000
658621
301064
503072
29715
262423
880199
295686
876082
696830
695906
79522
561498
498006
660789
712140
211935
645601
881564
844830
764885
725202
879835
374168
41999
402752
384942
85284
299570
557942
956142
379317
702708
958247
93
2697
32054
988671
525326
728461
816124
562516
53876
246495
11845
700475
321093
312238
240651
532984
959626
921213
949465
589453
672070
450375
723972
435059
963520
205053
567239
293223
17967
16875
926015
628379
355394
762872
265727
580045
175625
755148
332497
954165
755587
775436
896394
116056
755205
767680
78089
713722
737859
537878
409292
287408
218622
531968
940846
738067
3594
243768
606657
758801
539771
526947
284420
260701
434795
694547
973121
983495
381099
880871
833734
238630
466052
911565
568765
468977
809704
202088
511722
158125
452730
481932
982081
921729
871031
629158
991458
440229
296063
607929
25842
273657
604356
905283
277463
758770
333198
87294
96079
31663
307752
829122
458606
650985
332395
811400
136754
906889
727844
227593
46340
922004
691301
10628
740174
787777
805541
972063
909171
799916
951636
461541
416688
951971
477440
410542
167309
450268
348189
257180
23807
417289
99444
694913
129949
426372
184811
712478
721917
341029
856237
947079
35179
926771
487157
519266
665861
737463
751484
907214
760246
869996
417981
777312
565197
650450
223905
269448
214137
806882
559117
317330
176675
914651
699140
921992
725800
818299
318265
465014
895858
50633
315253
183238
909426
734415
912737
849865
706491
308198
599025
841878
766910
527337
235949
496781
545822
116235
733533
479669
724207
356997
871569
394755
938832
786087
518538
780540
527906
352784
596744
559729
609892
358841
786289
741673
378733
386219
400411
237149
859973
195281
46326
755997
258592
197736
538329
214160
278199
495442
643303
419544
194564
336842
530718
740948
910363
821107
723708
283391
140384
583433
523790
550326
556137
860280
99222
966230
540785
432587
76312
215428
705461
391293
126081
925446
415150
880364
483893
354638
353516
878763
669172
784471
303116
436342
583719
452264
508246
397057
565325
602742
365621
213161
119229
390375
185491
203788
67543
262960
765649
732276
659403
391711
833632
185262
706053
16693
805567
351289
786804
490859
905041
724058
285366
682965
126170
832460
941794
600420
854166
499413
423025
343622
33974
971572
893001
164840
124344
655735
574632
432667
972833
737065
634921
532564
369306
377895
901686
392782
718628
215572
246731
121162
297338
381410
264098
510326
554178
349969
744193
809260
109231
51061
116380
866897
627190
571567
494375
285086
215466
924158
424061
939387
879350
865966
280486
517191
746487
938350
462728
954229
289076
556671
308909
520592
696122
880713
628205
210910
483992
778888
289144
986915
481076
619427
191618
985405
502793
774429
40011
111212
441278
959716
990090
536500
862499
848519
999286
153307
673866
131781
71920
125837
30208
48896
173968
668128
71271
919825
45962
154481
758385
450165
528316
242605
743291
243300
344152
193260
879492
566850
84713
390711
85768
533807
501379
377834
538941
837497
120396
375605
869097
768305
166752
214908
482078
503643
519462
697631
113172
664318
409901
335764
300321
732
252161
638703
878167
310460
267792
202883
456250
577251
238324
287971
197020
80929
706653