826794
244147
101127
815332
135860
284487
751415
517558
707535
719098
431189
874098
985097
74151
61706
108226
845033
659149
472327
869121
71886
151947
483637
138818
302453
728187
87876
514362
370710
829032
759520
837835
487981
991533
128386
171694
501590
823531
596899
603323
665937
644582
384011
70488
430310
244925
764871
77180
514594
884868
367224
403423
361087
569856
385800
692928
573089
240958
555128
831186
180349
570960
770837
717380
478292
527077
443914
582956
727773
879236
255054
504975
899649
926757
116605
612111
133440
41004
242949
681777
829553
365506
842359
358858
336998
182098
771261
14407
154734
624733
13867
519765
663476
544123
842926
136499
718084
427183
705825
467026