224266
25072
833051
10245
817298
676990
643585
450393
663409
956598
929841
401619
953058
3314
898147
517610
824321
882899
199311
166713
514446
187484
425919
343650
136336
536558
165950
53471
512406
387036
516912
45671
519769
593578
964539
105401
606013
134311
223139
401991
874998
71332
461812
994178
745607
473360
837720
718718
1126
276017
244232
492098
197116
579009
63583
115951
697672
747619
975242
159371
537955
957888
126684
914344
843358
862339
8958
803573
104263
681901
308996
36641
717323
773845
126874
823655
90229
464448
175581
908667
657813
838809
440326
340367
454204
319629
495553
532482
467235
298565
418268
884198
826603
25793
298651
40556
656702
188686
223400
71470
161429
920803
412775
855385
60116
417950
968552
744821
592592
413590
494390
241811
802288
214108
560908
936786
586481
227027
907047
979661
315331
617321
604855
54756
4561
646257
720303
181414
910878
654239
951035
358936
17931
543647
309521
501349
398197
946898
336609
296289
650491
266598
491942
593851
240093
198480
961630
881215
603775
60137
11286
123206
811341
756898
209055
700923
901945
328805
699165
192778
154976
972042
176893
425062
665995
677107
925510
787575
762258
524549
140553
811871
269338
912259
200307
743464
594174
383560
29569
923788
314891
850977
454098
207839
168742
398469
931800
496093
475209
778098
829032
215116
869802
686565
887474
920590
555132
478517
956746
766021
584526
832908
407844
851042
370386
825923
730847
190605
2425
739161
274360
145771
345721
361552
81759
556494
917808
973477
557414
583871
387554
322922
405846
399648
546463
219073
845212
631937
874688
630327
443617
448706
613967
65274
339575
82784
817158
42937
665583
353309
398320
36566
483079
444048
958188
858570
388736
174342
917009
901334
927566
565524
145771
356642
524329
818491
55458
944244
912065
161398
795579
56014
272462
471906
557432
4004
121797
619338
196251
308792
941734
433871
469321
115476
902706
904432
699273
980516
828667
166780
222891
135469
25427
906385
666117
727150
924262
333327
211609
726609
206180
490975
641938
148302
600598
928857
515629
957405
652562
123479
669173
657237
997066
565396
263782
540198
486334
60351
530739
438895
403346
262242
331364
86589
911866
535722
560151
327586
131985
393362
243942
37293
742281
596848
603689
637067
44733
276316
465170
199481
704483
594617
545847
550629
793949
242209
475629
583137
716014
327793
658127
918730
599918
597598
854299
288198
767442
333250
800081
89902
628279
846959
367067
970549
561951
928099
453209
989063
697054
600843
137997
323131
215844
994566
30010
620580
546987
697665
695639
456646
554553
807745
139184
649766
589586
609087
123354
460027
545086
623213
22033
728384
854130
685911
415920
831915
608350
586853
813963
74999
150674
756669
763372
726366
428878
957253
362025
869027
916452
65222
109919
451915
131276
399148
675277
253995
167172
384489
564495
894941
844130
580474
960116
705548
5048
999810
964479
162799
111394
840338
722423
326931
494830
556362
113323
570320
749801
168472
826374
492317
965442
286687
575498
236800
765853
453044
861548
414110
991607
296706
318156
697648
562097
739341
52112
278742
863419
76691
521948
518150
599070
506383
204848
426909
421
387863
18333
421974
485673
994213
803877
922008
365880
515314
775790
822953
754210
976446
973155
278337
553759
919853
48168
129913
984224
900043
342007
409314
297648
408368
172252
572850
733127
897279
27593
174426
715180
329288
993687
376371
486275
243597
586842
279254
522490
222370
166623
120778
463500
115949