526350
517247
629044
862175
679481
608535
508974
496970
196339
234053
36441
964038
411811
555490
16563
498070
654172
828381
293807
281563
106743
134965
452906
966816
376156
820624
717365
748800
726496
573499
312976
43636
323080
794367
499576
382973
255020
610588
671192
654378
555319
332581
307803
586439
787595
462903
374945
621730
841409
890071
574543
415803
243790
757543
634113
221831
173633
536005
58715
721313
655976
678145
910205
398798
691027
378232
268244
474603
889328
517201
23245
648053
19989
922196
440101
236853
395037
227106
691612
247110
549481
230933
792393
808260
50440
313141
279238
755539
764849
315091
806219
884297
838189
474310
777816
491513
158354
687999
498508
627037
502313
917131
214099
34399
226225
351782
548093
805700
813501
229494
84841
535989
801208
75243
401952
99628
545097
302640
893310
704312
822737
760206
960138
740140
598353
617950
105959
534698
443689
49321
567460
339143
293883
551966
700462
578395
865262
39726
402277
969832
535311
910600
677067
612901
106385
855980
412633
328358
572725
590510
720876
255081
307717
955785
889692
238783
356602
911774
973934
282644
944701
549896
261151
743198
708746
327196
844000
682142
121393
967234
917090
838742
406583
46506
27527
980296
250073
210350
558456
948390
21616
814467
430164
40667
8048
870170
260613
836916
633162
36185
5743
727085
72242
195633
536066
898772
275194
297755
134255
120476
266781
616820
502328
734849
664921
660659
773215
803602
320627
539267
119360
511072
170590
927937
957371
843905
944694
138900
82377
823809
652135
623011
882864
279334
564331
207351
868433
301599
412528
944687
475295
694665
926295
908506
143530
45917
995673
920437
121881
873400
581572
865728
37750
825416
359395
68095
56676
443600
964284
134858
420715
426649
736627
799377
736564
238838
260172
297968
122512
774386
47054
360875
81714
127768
303234
97542
280189
989534
217755
87364
906168
84654
99567
511866
235615
109586
953059
73038
494035
220220
549414
34385
164401
313328
269780
656119
397439
198735
76026
508463
588483
474497
614969
793315
307566
8893
689539
22670
412917
417016
988035
99252
587905
331432
699865
401923
612412
228275
982275
357252
528460
485177
947863
490366
653533
423803
28908
669991
73558
515814
251801
475272
88365
250880
488277
479980
182742
782894
355134
544836
57494
365855
200693
591514
405303
598553
128806
504048
759892
150238
110437
887157
873556
86202
421044
301283
747635
969964
601889
952312
238652
423150
668684
354574
88019
248675
852998
39449
882286
919773
368918
656573
976932
266056
307029
66762
757726
566838
223673
348949
521194
73479
923886
96692
110062
154548
745952
883477
689849
960313
562198
98555
177845
305245
823032
628950
138809
699551
265137
475263
386811
162238
668079
330893
113250
895013
297543
536278
864186
55538
60662
334534
521601
443554
770818
772181
29598
62874
65280
477736
509041
376788
726190
798982
579909
263012
616576
54581
63714
90534
855160
249393
43136
305799
509998
557192
379030
986284
800687
793429
724816
854466
241026
42006
674398
966563
185030
426284
396713
753890
827511
388016
283424
810995
881615
984812
303409
579642
639369
39869
571220
420462
726592
101251
865089
736874
368694
600322
214082
554192
131314
707992
192546
229786
638977
305243
207429
384446
694812
255694
191185
599805
9770
823680
713162
719881
369436
800834
705724
639825
203638
99203
228113
867626
388654
805002
734530
856283
50349
963022
387434
905029
37554
54325
929527
721389
771414
807976
50297
695912