178262
366115
355150
128989
367315
653714
494372
677875
432509
221762
518982
824467
798094
723450
665495
420009
247924
743002
486215
152469
407313
538737
289258
92943
921308
570236
4388
92469
655716
85116
888193
69555
102837
750323
637345
541326
408851
932730
745616
905613
883555
80130
890356
828484
729193
56741
134559
948734
880492
618472
387845
161158
288182
944400
325127
3794
39416
790173
940590
740877
842314
760487
765107
206592
108495
600916
361466
756124
84407
328692
92000
171238
395102
334265
107625
802623
769682
256278
6876
910671
199473
24178
53099
798670
777393
87561
645449
780719
865146
937696
361312
411241
996718
186723
89947
922914
134024
836316
623006
459963
973282
671506
11350
204274
189008
284412
778090
890744
655338
394080
134224
642064
474600
589197
244285
650528
174501
576881
394548
426136
883910
662232
795200
749820
958132
834370
293885
635215
626052
726175
917968
559070
829688
168425
603894
509222
970591
689630
743866
530403
271319
187801
203840
947062
842035
623372
508415
962545
367543
303452
276940
691714
21120
642009
692945
435387
309377
814233
879324
112954
151144
677872
360915
411898
988319
34637
843718
761140
490926
873844
498525
729715
980605
161939
985584
308019
247607
829060
126774
857397
838667
62494
778260
34978
560588
161848
793175
656089
944824
20219
370621
432983
138326
475939
448686
625218
987256
348754
270024
304338
256800
756433
715672
339741
801471
498660
970724
892541
456793
441736
644580
436575
986948
41931
409490
875
950670
224776
85655
165323
194750
832702
690852
798042
657395
75980
660642
737323
928042
900812
638017
692211
966619
418377
336941
554772
495938
221918
824031
713543
389627
756396
428240
189412
346694
337911
552776
482705
403499
684574
721172
723845
960503
542453
59285
732024
196836
851521
88245
464745
634838
134351
493237
395595
610306
364017
353698
120717
89001
652950
227495
716869
875202
370245
802683
320184
155638
468022
683386
55176
447365
559309
871570
833466
987846
367795
249492
622755
830347
395347
417514
352432
419939
695470
509288
388750
360569
30940
115451
91516
396953
617312
471934
407467
247443
72806
830763
800526
269560
780635
873134
572356
10561
136873
150933
209824
20304
225038
433572
772369
128270
708376
424454
438387
713779
559615
396189
1969
546403
897375
913722
875412
790262
857872
21992
435821
393168
707043
509219
19803
943151
763836
506406
935866
752708
974087
535970
30376
188792
412248
387018
598965
392207
426659
790667
387174
784938
248980
88474
717222
934310
321357
510885
312906
30946
879226
763627
755647
92383
841425
123047
382803
473664
28459
859431
95260
280368
622394
233084
117705
797602
242535
279690
25731
503732
664841
46399
605183
390061
78595
471201
99619
91749
493754
460799
77266
991684
449009
257673
258198
876258
896644
114556
250665
645390
961790
859445
87840
577450
181719
77351
152757
248563
557965
794728
439599
194399
21661
219301
275696
931999
591134
320310
220955
640068
672123
890765
8607
285886
301707
708615
879717
177343
468815
78117
763730
167742
88071
223444
55929
450711
162673
943592
437857
394255
611231
833576
771949
446198
979891
577922
473838
998821
987706
813599
251778
458855
463011
526225
901350
230452
859099
874025
734560
383000
721798
687846
844098
783347
263195
842247
623707
510169
595164
107586
238720
160217
827953
97997
796018
313307
468320
793497
586860
90915
649259
935902
512844
845170
901447
856657
192539
981131
924276
140147
852283
311891
492349
849091
374444
435154
830926
864276
767866
393558
608877
684793
127175
399990
67543
741852
415537
841588
171000
967534
494175
114492
784773
127864
727789
140553
644282
249873
456370
738919
359595
767080
195114
44627
849929
299201
360325
587198
260468
220861
145931
329456
63927
953809
288426
84554
182949
867161
268189
343972
547597
143109
856507
514132
653724
25137
186138
280208
829904
920083
995806
678123
483477
71182
959265
144763
402046
301283
719680
88028
294625
753159
787584
944461
686095
790031
57948
855415
464494
606279
738540
453454
633717
780067
681139
237136
849924
55629
623877
842667
698974
778973
691347
141691
673156
293415
123925
364785
185071
819949
735698
736847
932137
264245
858127
605263
415752
49462
775762
199524
578824
499308
867537
335768
617732
517707
708860
885972
675985
832847
563428
956222
234359
205938
332423
263869
817101
568439
218681
997144
653424
18980
38767
359612
535071
270925
235883
357596
97846
415562
837632
118643
326534
621130
89729
843173
550413
679361
815370
153475
95511
603517
273066
287597
660208
119574
853100
56338
489732
932484
887680
455571
737878
397579
670027
587846
672281
549905
645384
851031
934638
294352
678105
453256
280443
872870
867054
729816
380132
835529
881552
348034
808617
974937
283851
371036
25628
902926
468662
405344
459453
464656
704928
403336
649396
928422
419289
82002
186026
932742
571802
926051
795844
205258
917778
86472
438780
408516
797518
742807
186270
559848
194563
365044
839773
147560
9659
954224
967631
342557
232858
983243
369932
499744
269965
530010
170334
899705
950222
137412
478309
993263
378325
285094
709770
638462
344286
318807
595486
3943
940563
69189
254542
570657
186967
166590
830725
492717
826607
717323
107742
774215
12364
38326
303748
425400
940217
587757
625769
79113
879773
603967
438623
852946
590318
695043
891734
473392
671987
737432
758131
397589
650035
266182
637961
254712
288447
707395
231286
53806
386393
590610
275037
693265
300160
164486
2939
99868
39961
363557
923944
261657
128508
573927
689516
911473
800663
757342
789948
732899
684419
190895
962832
24464
754657
259902
337698
609202
697328
401704
776964
392621
323631
314409
748382
735230
642345
498207
488260
337744
542434
943654
825904
975917
159772
161441
924513
244305
938118
307674
152335
127514
861122
192897
260681
852636
82578
925457
838765
794834
133854
454672
380804
522671
713444
179381
743351
506642
707644
731875
302642
16279
261255
77460
604372
188618
587892
403025
80208
376374
542382
834205
790691
255516
296038
947890
460914
514943
431544
506595
167487
845596
513276
898208
279367
926007
373996
525464
114556
269649
453997
201593
218778
733366
678524
153811
128040
651250
28022
667994
18958
722788
918531
41738
685901
109418
322272
452901
463838
124924
850440
198488
532715
571349
698815
295100
43876
402315
501051
290359
622784
58688
683119
274947
956433
53361
504245
342087
753345
179627
962199
804321
209262
954718
749114
885381
372256
820042
977511
574015
154275
773526
333751
700884
776262
715199
658075
245703
394542
837997
82053
512887
515671
134562
914167
166117
494697
919051
68646
378388
27187
189945
330698
278089
334982
483241
716421
299186
630128
576191
241197
199075
597332
324498
474552
770875
54243
205600
117571
628325
461817
840226
707647
755066
705878
772475
808888
796228
295863
37002
929475
934814
458768
4254
492420
15671
804137
835657
451610
426997
523154
10829
530599
430454
794692
857844
785151
262385
745878
663228
104364
478651
203673
905454
613659