956598
432461
448932
570980
918147
147239
236704
151513
351470
921018
593604
226784
649223
220801
87504
803825
205387
126081
922269
323510
141829
416069
696272
890519
361617
931124
52909
601825
802620
199436
346435
932946
847751
422013
692421
416835
376266
886436
584633
687730
303734
497698
120777
935659
752115
230169
183927
610323
850600
341443
461166
384913
824280
215982
564147
296345
870505
188952
729466
241815
2433
680803
532757
986356
592393
420660
113352
770951
224019
256558
171063
278171
72024
760199
576384
846809
252570
180483
91430
595730
87464
981
328226
13931
789952
543311
582302
296486
765326
925633
434044
112009
588051
489014
377040
410733
913505
739207
892143
948644
611651
447578
167519
882312
406905
766651
164205
715356
699424
768277
518494
853474
779440
458956
547005
991801
283232
817018
48979
60783
760612
434053
516725
56043
335318
740122
539255
716528
32371
334088
413695
467151
505340
150139
657652
793964
647932
730899
893460
484650
840362
824352
945957
67126
397092
750012
697475
524269
330971
837766
446104
662955
985934
484598
415914
16497
375279
293666
440911
630002
956001
255820
678459
140090
22499
162341
70202
552892
556166
912931
218809
234166
894938
953978
538686
145731
470119
916857
344760
719805
161943
976580
33200
563980
40689
569002
82783
98896
478208
743266
359194
261607
692754
386023
667945
789659
560156
657709
918389
791723
993979
680830
651999
634996
154261
793526
570221
971708
67422
555927
522143
392923
963255
26442
520544
450759
348848
55795
346392
79610
110062
632943
715678
643394
268776
714285
831627
710821
294731
477542
842282
825390
292094
649594
315915
589336
256703
690793
233014
35862
687276
813418
461117
203005
624350
720235
850795
106447
941040
489766
510360
968677
75485
746013
745438
122552
90887
419954
626406
269580
991252
502693
179611
430585
45683
24170
52033
508375
692157
485414
510686
668613
691894
599302
892054
569174
948786
493372
707029
603353
634708
803031
890213
49220
867826
554302
393439
542205
757461
173642
915838
187844
634908
984317
68495
596671
81343
633826
339460
708771
309361
614849
206952
478461
733855
219007
42862
953371
722774
363728
514786
978457
256065
539291
614976
422731
474895
125481
754851
827396
633971
629192
585430
642241
404741
150274
562247
335797
271366
490869
865498
349426
692033
804111
749145
648305
563404
321192
339080
952190
931374
507196
105110
198787
612954
734979
369456
547310
637018
1391
866544
456450
294791
102658
566772
435064
953332
25225
661641
46223
166059
557048
907781
232119
250639
277283
697459
340886
991137
583319
154793
109748
216990
532307
100534
223882
542212
682790
335352
863522
913653
174758
434954
173994
409525
441738
528666
848347
512270
657189
973720
418497
924307
746880
237130
978918
666625
905618
250812
831263
649792
458590
715925
800946
387401
868713
765829
776354
224291
770327
105755
798745
104198
716770
235251
622066
332064
729397
846285
282656
885365
590507
222648
214974
415009
909727
28204
458995
888761
328367
236408
10049
362384
464466
897744
57771
911381
920147
614408
176833
572378
815594
380254
342793
706287
568437
348785
343692
265005
14424
433552
62650
620495
196206
387118
984634
329338
81514
741809
853842
710877
657359
448745
319344
407539
48904
749598
113171
267621
847589
995842
566873
921485
510322
986245
198245
597462
302966
300743
57388
995967
425221
271785
863837
232702
216066
238844
775147
882113
780597
302427
873784
287247
507141
505045
288351
423885
678034
110082
404318