971645
765956
784105
845047
696774
705848
800551
403199
54424
576092
909334
408708
765786
794634
758141
638477
908478
716870
312860
366192
679782
713014
671710
683172
555043
483074
283564
538468
479256
125892
363547
274107
188349
666540
467013
451378
896896
723123
678965
30676
163909
772986
147068
714075
108302
45695
224544
827513
419190
728762
341044
785284
586520
161690
926467
81790
302733
618775
567846
364416
305937
414452
706357
497667
831175
128147
879130
431627
577811
861044
178945
114993
406437
996236
947948
857035
699094
250046
976226
43322
988650
422904
121223
65295
141558
591533
931207
705498
666971
967722
91564
248785
220016
70295
272400
700250
107774
849869
617580
280758
592100
443918
604366
863113
677147
984293
957289
251914
655572
762971
382278
38275
407614
192595
140441
918533
896803
820995
960494
262316
132082
281871
992642
913226
695127
624324
562543
445939
688390
366893
52223
444389
322391
379925
920353
822161
701004
860059
544440
192522
836718
568555
11921
703497
502676
95390
266157
254171
116485
385520
166781
463272
125429
795610
174252
359648
75884
858316
805846
982723
985860
182153
573526
458765
897361
917534
140092
302973
986971
153728
55838
458305
191302
362113
949253
926976
806355
991343
178761
763907
139263
166729
739191
439425
935689
441951
116846
465093
515409
717957
976585
695614
978268
23027
736374
643043
586356
226620
338213
451521
727596
258793
654173
428066
654786
118258
300840
596955
869661
579096
531311
676147
789877
749922
657888
514155
898385
111154
179915
726191
365164
713218
162444
288535
87153
801409
132835
92634
728934
742340
581600
219472
222309
670571
485497
410401
532932
566289
925374
976080
403030
588015
487139
551326
163915
382542
687740
294556
721330
275366
102600
869200
824287
711448
91108
946243
310952
378693
579105
421094
777609
333705
388655
982622
827879
305048
530552
63475
401394
216627
774409
508240
445283
515334
893483
598584
978469
111905
385808
765254
913808
335569
543081
224094
721104
988890
753300
225014
283172
419668
966003
992379
842818
267616
655064
705633
628825
985797
620508
900682
41070
392682
4239
225106
138920
617458
54985
131701
681447
171056
282719
348510
35534
334533
751410
218956
874273
674909
471649
407011
520394
18626
38110
32461
932854
513947
173406
9355
856988
43910
267754
983772
824030
715661
698835
36296
206408
668295
626882
30025
224885
962126
692333
156055
402192
843032
183014
318287
102456
167220
615054
550719
405693
28835
934566
362128
597895
780689
521158
915280
678231
184110
144742
316316
200613
562094
363929
521127
778087
102553
304282
305961
178675
771471
80831
887078
192507
113948
990922
499865
493496
776308
856991
619517
453090
98827
331471
361977
399835
439187
26194
74342
728299
751315
247060
195710
669798
621473
450406
669410
822954
56892
565717
226503
246661
115016
194904
532415
560947
638566
262434
273632
544132
824495
948504
691859
118108
444750
607581
42234
139029
630391
715144
58367
434047
975944
417143
298230
170887
746746
328701
640174
898357
665219
500215
541337
868431
364428
618556
12309
439387
807242
167218
141014
304514
523260
231357
765938
725840
231423
160659
410185
4952
842961
790187
103183
214645
37920
388692
918840
220075
35726
579938
502143
117035
186436
982979
683218
707125
356336
638063
169437
122392
906844
980670
14513
327829
854252
338835
711377
526882
303924
452790
975129
934730
639668
990592
496140
820977
76721
224431
845944
723061
172656
901594
344968
302257
968082
352830
140326