264546
114748
731442
302565
185799
733533
766154
545691
509164
352980
184256
994179
971041
592511
229427
464614
964031
470530
679602
164340
746625
335160
807088
668180
61900
563668
655059
411724
463311
472025
213931
383946
838021
281202
190400
460045
855319
385007
85636
960243
163743
659100
311719
259167
74248
952192
185929
136710
229521
503279
595403
707607
716080
368204
84606
935365
44499
786783
864189
550578
60609
725263
481111
880057
659039
380988
12004
520408
263119
44795
980345
13689
196851
202927
863862
466203
269263
650240
589244
670945
408525
868283
151868
137591
653210
174278
183147
621725
817005
313982
226641
314258
118823
822767
1409
937501
953621
812655
803363
473594
923155
583767
939373
355360
795916
591327
771888
417835
522908
873237
249551
161835
833814
862714
343882
947080
295905
81337
987128
133264
220733
145541
830227
691423
59748
328590
631085
264234
159307
507295
188737
703976
97479
358103
971684
374557
661005
930817
647899
764420
112786
234707
818694
350808
209937
982592
856121
596351
928491
860794
223531
157076
235432
173191
440967
798223
283547
583999
531360
736211
164900
164192
936898
240980
637647
879949
765283
33828
959194
734954
281465
21272
608660
388812
626853
834651
905697
922337
5004
548559
221210
897436
153799
630939
880529
70874
606832
125141
238578
268822
690141
768845
476677
60741
727977
50868
486671
762000
536621
86760
640857
459372
818702
771549
335368
102167
775728
97385
240235
52208
922505
413420
960916
380275
48912
680921
930973
906065
413011
873190
7180
30184
374952
153868
961681
440100
196603
980667
943084
782833
344775
298206
703083
497500
365664
247622
713169
263941
681004
558325
373715
729923
541234
901386
153147
190740
810826
556228
65583
893375
16052
957748
992653
51273
618629
881411
66541
54864
320189
677853
552840
807942
193971
983609
880438
156750
954097
934663
530579
510700
126044
149237
355131
802732
403148
337053
851893
648275
24250
564750
150124
221561
215063
3637
507736
105739
119865
878439
900796
157660
926896
613134
279688
537187
666295
1711
668382
807957
349766
683540
898418
567520
510149
103898
742026
845569
622363
532121
877093
953282
507619
816555
436536
153620
579776
655003
431571
101188
947591
830508
991971
196829
901595
660739
336080
820507
760983
680818
937542
368135
575971
911329
496081
73012
91689
309467
828258
491540
351458
119475
808879
134647
876170
542929
445942
651234
870386
876444
898977
624648
889140
919877
807045
540776
831616
814510
678084
349122
649429
616694
298899
440119
992204
663971
237398
153340
229582
706730
25448
145658
172966
893981
451318
982022
120561
935921
251467
239608
563314
503531
960102
9834
504130
967079
462023
292943
193892
363397
808009
300525
414775
436721
510760
883640
538949
831948
228708
996493
332216
415676
270719
241863
739627
967245
860320
195266
164894
661570
542938
913002
799556
751869
272390
791934
403895
168710
296012
233575
752971
719099
142913
293551
994624
853908
669354
43296
857745
711762
760991
593786
157545
230084
588107
334224
176309
27190
4560
420543
858517
631990
862471
829708
242732
106372
311973
815001
622166
755029
920825
237636
16761
219460
239889
460764
591988
334358
990269
760769
871733
269480
528811
128791
467815
33655
774385
796838
763400
862540
957866
405458
143448
131010
334519
498674
72301
554613
617383
177806
211300
145673
331313
917626
517618
682132
38174
798217
34648
956457
889860
723824
528885
717378
981420
435385
904629
3401
205845
841568
447271
541187