971155
700806
731367
906150
678724
559232
681543
752005
626449
350970
490912
371413
113258
635054
32439
621137
703166
536079
797261
103134
268603
25881
361070
607480
677680
806675
454182
129663
705684
968420
302419
98904
204128
423631
646038
106881
838039
82253
876771
9013
23142
60934
977656
43768
692325
456235
158763
534208
884925
793267
813915
353472
688484
895599
397128
499154
185604
981964
448191
771583
863291
578533
433646
803694
549883
968835
41302
561064
936016
383986
592926
965444
538946
172608
162179
909044
297680
29909
660525
629866
875677
796266
522525
128936
70695
706792
303939
296739
477809
683357
128301
597523
413571
308381
594841
474650
245960
713267
650283
731854
524949
871875
376570
755045
287689
67133
900100
202748
122575
861888
389570
371076
809216
603913
317271
238281
881830
975574
723681
374688
593244
518363
125618
429549
220689
878304
519897
182158
727211
416437
185113
395880
199111
796563
914363
564620
16607
611665
404927
852933
796037
741183
461806
450752
641612
465763
397835
671000
148933
492110
21288
294526
606823
157209
786516
651458
788680
855041
58802
973184
518920
115100
800613
427433
700237
179703
677095
462253
727208
200975
333305
585346
126806
636904
676213
649428
675811
944012
6783
311305
628905
181859
456474
943663
808631
239468
732950
910661
767245
407190
113447
837283
50371
231549
926354
390599
841032
367684
826240
220220
201096
222731
223157
948392
937255
849293
919258
635955
648683
570969
742710
3920
339830
365547
391099
310889
77232
124327
548477
159851
549251
447345
756797
486571
745152
473899
594468
1267
759647
273228
353803
802094
721635
171930
895735
934315
343580
542276
917922
387665
612870
816606
468980
524192
424975
708729
84369
738463
221622
448350
429900
518632
54607
895847
277241
691468
482851
531835
848415
168164
279604
177508
902924
877237
602461
992783
825027
454783
446104
628255
43537
651682
60954
657069
461758
30830
123993
119136
654174
229126
229869
75942
62727
474927
991380
585932
857244
946746
755728
113408
516680
99980
411371
769184
789063
228423
911835
233278
889310
830935
113024
838195
268011
992987
582793
806109
22807
390253
945975
71990
560871
164304
420986
988114
880498
553525
401399
617525
595437
693354
876651
744590
442464
214121
743956
832767
441559
36543
910844
90059
785000
756023
372884
268979
432686
445049
161919
880643
885458
15118
661069
708144
142642
339967
400438
64274
611822
584988
541748
842863
452303
816600
426234
187825
867155
897233
608340
745850
586649
990702
27164
751118
864613
355938
157718
269103
91281
605773
982313
507398
861905
36481
946939
549949
680673
817697
433767
344233
184461
408294
706654
235493
285404
446267
988375
110394
369946
831048
142068
976314
599105
433293
539379
521708
852356
356388
31501
409825
938487
749288
46382
838501
339678
467061
514578
527121
99216
577797
366969
221310
102343
957049
368262
73620
913351
636153
400058
30656
923177
84786
450247
975876
364868
495998
751508
990504
189750
160290
349453
375630
162516
756144
806115
293603
399148
954125
458983
281137
206515
557389
122302
860114
513360
958458
864706
946560
611588
80884
227446
75591
321204
749810
706851
958939
793300
417894
842131
38150
353778
912575
709545
650873
449692
964424
844635
716676
180079
684526
834894
746593
716158
872926
234701
918251
563035
778445
268261
671532
534597
531089
531103
291091
895854
913965
520667
633221
561191
826922
230533
317194
117034
983904
256567
379944
596100
193172
357099
748173
556125
197499
796123
569893
494437
336413
53687
530572
738525
441749
355202
477853
177727
880309
911562
416041
974411
552070
476226
905476
171568
409964
980989
568569
440275
224232
109513
958109
866046
877304
69030
371073
906408
141145
100898
923009
829917
714796
945554
327929
258058
939958
798831
407192
38503
495938
543114
799308
625729
714657
748141
42525
258467
746066
307152
320214
764960
499132
752245
192989
682560
448280
464737
601572
242373
877931
757751
545336
343128
572465
179122
29111
541973
947926
484094
737118
415472
372509
872244
619712
730626
952996
504880
741971
468148
462846
885649
651173
741958
734336
743693
196716
260925
408024
67630
804602
751847
131990
488365
246031
271308
242446
491625
485513
343667
762710
594436
326390
504654
725227
108059
314314
824067
526000
287840
854444
102615
654166
269781
337834
974713
504663
195110
914126
828969
615899
612388
604936
665667
838270
76250
216202
262444
446121
43854
560627
413079
330781
885653
48931
535413
275022
188051
342381
679863
6956
663503
786602
143361
39228
275951
836714
747628
647525
664980
283526
437560
719879
138196
423121
188685
680646
303440
605357
256940
656101
349746
618873
336439
850572
215621
796712
334745
941164
790577
575917
732563
90361
465361
170130
233636
866582
404787
911016
252565
610127
304619
793
292446
898879
941140
156057
269688
315538
256677
587579
813184
878693
366315
176288
843141
77770
711976
473226
283822
872551
371720
25870
758219
667774
694460
727848
459190
690375
587830
446569
153381
180985
421439
628619
741712
200231
611192
482405
755833
219079
450539
561145
488029
244943
656141
931627
452405
558777
646610
6797
801065
657637
928749
293013
908690
365404
558755
856752
54826
211634
648779
944239
812115
758918
841956
47456
719168
606564
830227
247224
935044
252489
123831
968683
112117
733830
841002
992030
874492
697725
660695
354484
152060
134664
493619
256389
390365
605434
687450
440877
458484
89917
123014
750784
885905
522714
12590
964187
327012
377688
254649
20502
691852
301947
836573
636309
250942
958765
833753
675326
882510
686267
467595
689349
851421
700662
516590
519138
594528
325306
451444
381092
807496
885387
530044
835359
389331
236379
194545
115329
37935
442024
126334
767619
240518
251138
403761
282363
946283
118954
73899
212558
487839
299606
488065
414786
842431
769810
528947
124593
421198
573568
458759
805657
716955
356800
265857
467985
774671
275178
618496
77014
774869
677496
66296
111940
86054
479233
998919
545120
225136
661216
508726
223378
906274
555315
996047
878576
784982
279615
179478
931637
891100
280049
705125
514064
598367
406271
915495
894617
477559
999853
864177
867614
322762
209260
47608
742044
242399
109789
78067
663753
889025
394099
578126
575310
507660
689334
680391
979410
670359
182947
353833
391154
565566
517041
285091
199757
96906
412654
989317
267003
382463
155400
265174
928221
552579
47848
485652
476495
318758
817785
637001
227322
907282
508679
912262
917767
425424
543810
749887
440430
897140
249505
347522
367276
770919
836707
921813
808019
265167
244400
275692
249019
884381
814238
826052
124694
428274
358609
605727
891490
673775
518394
609116
995255
319640
18944
451186
214400
731363
272123
290697
942534
353827
656924
252597
974184
532684
132203
959247
607335
273762
79273
133746
910494
772227
180436
360911
29454
407757
940745
895278
573335
339757
515779
661954
851267
644677
428993
538919
335741
270329
939398
363322
990111
380823
924026
554581
843241
961440
476910
107621
43085
211255
452605