550301
929666
13088
838927
164185
547718
471302
159030
428107
583891
934556
197356
58076
334470
123042
737447
700550
654132
534025
170920
422810
423042
960959
324529
293084
107940
101417
822276
997260
424944
429487
648979
369280
621534
175792
136009
207660
601823
136855
625267
862276
589910
318341
880653
750264
439735
383022
571813
252702
93819
743232
940206
325806
914877
238973
990436
494502
587572
73386
47894
141070
686670
887071
523925
46166
22053
116287
519671
337947
143904
964866
627400
451656
241897
641198
439503
365721
673798
770533
568504
538491
240534
377367
302179
803152
14827
856791
408200
819086
240446
495179
484292
278855
276307
455422
876613
355395
549034
510160
625231