994482
994062
993341
982300
976423
971576
969889
941287
938673
928013
927676
922072
913270
871149
870407
864065
861210
857981
854261
851092
841034
839234
823874
813139
810320
804512
803820
803518
790592
788200
776676
776171
761352
739760
730560
721575
713246
694757
685225
684485
669362
667591
644909
633272
633004
630074
627076
626071
620171
590372
566340
566290
562747
536651
534237
521850
519696
517953
515055
498498
485378
477507
463939
457276
437238
434361
428926
391669
391598
373793
370973
349230
345421
315784
299795
298443
291655
287221
281064
276700
254519
251050
247889
247855
231926
222736
213960
199572
186321
180924
157429
149894
134012
103149
92518
67145
65892
60132
56353
50824