997139
948563
944375
919737
916343
912489
907240
905500
901558
897892
895157
888277
875183
871285
865750
856382
849698
817728
808887
807654
798905
798829
798226
773021
759619
753061
749000
729130
724617
709679
708045
701592
700231
694822
683778
652480
645806
643862
633332
632945
613737
612478
589104
577109
569552
568965
545808
539891
536999
484727
460535
449691
440038
432385
427086
416067
410432
404618
374554
368827
356688
352626
349534
349108
325217
325087
313661
298692
295331
293980
276387
253497
243924
205424
152793
145025
142251
138489
138368
137765
136379
134623
126257
125418
122628
103351
102561
97404
76219
71822
56837
51304
50892
49458
48428
42299
42054
35473
19245
7515