999475
999286
991458
990090
988671
986915
986226
985405
983495
982081
973975
973121
972833
972819
972063
971572
967581
966230
964931
963520
959716
959626
958247
957626
956142
954229
954165
953520
951971
951636
950301
949465
947079
946726
944999
941794
941548
940846
939428
939387
938917
938832
938350
938005
936805
935855
931845
931621
928228
927913
926771
926686
926015
925446
924158
922004
921992
921751
921729
921213
920338
919825
919127
915612
914651
913347
912737
911565
911062
910363
909894
909426
909171
908483
908248
907214
906914
906889
905712
905527
905431
905283
905179
905041
903890
902655
901686
896394
895858
895764
893001
892485
891490
885441
883248
881564
880871
880713
880364
880199
880075
879835
879492
879350
878988
878763
878167
876082
875264
874912
873911
871909
871569
871194
871031
869996
869097
866897
865966
862761
862499
861041
860280
859973
856237
856061
854166
851743
851722
851614
850149
849865
848873
848519
847635
846760
845577
844830
841878
841615
841597
839853
837497
837354
836886
834324
833734
833724
833632
832960
832468
832460
831699
829122
828470
824736
824497
821107
819951
818299
816124
814058
813145
811400
810386
809704
809362
809260
808383
807613
806980
806882
805567
805541
805458
804892
801005
800320
799916
799295
796989
796119
789521
787777
787154
786804
786289
786087
784471
780540
779728
778888
778696
778003
777452
777312
775436
774716
774429
769187
769041
768305
767680
766910
765677
765649
764885
763500
762872
761813
760417
760246
758801
758770
758385
757851
756365
756031
755997
755587
755205
755148
754794
754215
753118
751484
750631
746487
745919
744193
743924
743291
742567
742443
741916
741673
740948
740464
740174
738067
737859
737463
737065
736273
736179
735918
734415
733533
733058
732276
731944
728599
728461
728312
727844
725800
725202
724207
724058
723972
723708
721917
720320
718628
716407
713722
712478
712140
711360
711046
707996
707111
706653
706491
706053
705461
704549
704542
704154
703849
702708
701866
700475
700263
699948
699680
699140
698133
697631
696830
696122
695906
694913
694547
691313
691301
686451
685061
683222
682965
682449
682185
678653
677937
676743
675692
674377
673866
672653
672070
671819
669172
669063
668955
668128
667792
665861
664318
664239
663537
662750
660789
659403
658621
658485
655735
653953
652570
650985
650450
647905
646800
645836
645601
643303
639576
638703
638192
634921
634367
634254
633457
632698
632079
631647
630326
629158
628867
628379
628205
627912
627190
625794
622026
619838
619427
617019
615507
612070
609892
609603
607929
607449
607248
606875
606657
604356
602742
602169
600420
600285
599025
598635
596744
596595
596542
593206
593044
589453
585978
584965
583719
583433
582995
580045
579488
577251
576021
575604
574632
571567
570167
568765
568261
567652
567458
567239
566850
566598
566130
565325
565197
562516
562368
561638
561498
559729
559117
557942
556671
556137
555586
554178
552832
551556
550621
550326
547260
546730
546521
545822
542643
542625
540785
540285
539771
538941
538329
537878
536500
533807
533538
532984
532564
531968
530869
530718
530717
530031
530027
529871
528316
528010
527906
527337
526953
526947
526905
526634
525326
525072
523790
521669
520592
519462
519266
518538
517191
516992
511722
510326
508246
508096
505202
503643
503072
502793
501379
499413
498006
497312
496781
495442
494812
494375
493406
492096
492055
490859
489562
488522
488289
488112
487165
487157
486641
486531
484738
484194
483992
483893
482311
482078
481932
481076
480953
480820
480272
479669
477440
477238
474222
472996
472857
469896
469244
469032
468977
468657
466052
465014
463894
463816
462742
462728
462537
462315
461541
458606
456621
456250
454438
454089
454080
452730
452264
451556
450375
450268
450165
444608
443897
441278
440917
440737
440229
436342
435999
435582
435059
434795
433441
433047
432667
432587
432139
431727
430157
426373
426372
426201
425442
424940
424061
423755
423025
422816
422452
422282
419544
417981
417289
416688
415150
415008
412980
412615
410542
410312
409901
409292
408695
404531
403293
402752
402621
400496
400411
399598
397057
394755
392782
391711
391293
390711
390375
389129
388279
387932
387857
387311
386219
386000
384942
381410
381099
379317
379263
378733
377895
377834
376908
375605
374168
373368
372326
371017
369306
369044
368042
366569
366358
365857
365621
365471
365020
364263
358841
358316
357394
356997
356351
355394
354638
354613
353516
352784
352552
351289
349969
349531
348189
346716
346245
345612
344152
343622
342771
341029
340219
337673
337425
336842
336003
335764
334998
334813
333732
333548
333198
332497
332395
331383
328976
328352
327823
322238
321245
321093
320495
320427
318265
318207
317969
317330
317243
315900
315253
313767
313758
312238
310859
310460
309660
308909
308369
308198
307752
306683
303116
302984
302305
301903
301064
300321
299570
298033
297338
296063
295686
293223
292622
290320
289618
289550
289199
289144
289076
287971
287408
285366
285086
284420
283838
283391
283217
281965
280486
279970
279804
279786
279128
278199
277463
277463
276505
275027
274149
274110
273657
272417
269448
268982
267792
265727
265370
264098
263975
263506
263018
262960
262907
262423
260701
258592
257180
254280
254226
254068
253293
252161
249375
247498
246731
246495
246276
245947
245827
245677
243957
243768
243309
243300
242605
242186
241673
241228
240651
238630
238324
237149
236793
235949
235489
234886
234885
231323
230658
229694
227593
227375
223905
221591
219526
218622
218210
215572
215466
215428
215202
214908
214160
214137
213750
213415
213161
212062
211935
210910
209883
209468
209287
207565
205806
205113
205053
203788
203624
203476
203182
202899
202883
202615
202088
201650
197736
197377
197020
195281
194564
193893
193260
191627
191618
189893
189171
185491
185262
185220
184811
183759
183238
182207
180963
180860
179907
176675
175625
173968
173271
171584
167309
167171
166752
166713
166032
165860
164843
164840
163807
161943
160980
160865
160746
160079
158763
158203
158125
155738
154481
153307
148953
148711
146783
142120
141955
141079
140384
140012
140009
139929
137216
136754
132884
131781
130911
129949
129264
129122
128821
127526
127197
126519
126170
126081
125837
124344
122912
121162
120396
119494
119229
118022
116380
116313
116235
116056
114488
114205
113172
112026
111212
109792
109231
103904
102068
99998
99444
99222
96079
91401
91180
89719
87811
87294
87265
85768
85284
85235
84713
84333
83333
82638
80929
80521
79522
78089
76500
76312
71920
71271
71200
67543
67037
66161
64431
61828
61805
58559
57725
57179
56504
55784
55426
54851
53876
51746
51686
51061
50633
48896
47663
46340
46326
45962
43666
42957
41999
40011
38721
38142
36954
35179
34789
34092
33974
32999
32179
32054
31663
31571
30208
29715
29421
28235
27510
25842
25033
24927
23807
21862
20626
20579
20059
19229
17967
16875
16693
16181
15971
14194
13837
11845
10815
10628
8170
7211
7022
6290
4846
4155
3970
3594
3145
2697
2677
1825
732
715
93