998821
997144
996718
995806
993263
991684
988319
987846
987706
987256
986948
985584
983243
981131
980605
979891
977511
975917
974937
974087
973282
970724
970591
967631
967534
966619
962832
962545
962199
961790
960503
959265
958132
956433
956222
954718
954224
953809
950670
950222
948734
947890
947062
944824
944461
944400
943654
943592
943151
940590
940563
940217
938118
937696
935902
935866
934814
934638
934310
932742
932730
932484
932137
931999
929475
928422
928042
926051
926007
925457
924513
924276
923944
922914
921308
920083
919051
918531
917968
917778
914167
913722
911473
910671
905613
905454
902926
901447
901350
900812
899705
898208
897375
896644
892541
891734
890765
890744
890356
888193
887680
885972
885381
883910
883555
881552
880492
879773
879717
879324
879226
876258
875412
875202
874025
873844
873134
872870
871570
867537
867161
867054
865146
864276
861122
859445
859431
859099
858127
857872
857844
857397
856657
856507
855415
853100
852946
852636
852283
851521
851031
850440
849929
849924
849091
845596
845170
844098
843718
843173
842667
842314
842247
842035
841588
841425
840226
839773
838765
838667
837997
837632
836316
835657
835529
834370
834205
833576
833466
832847
832702
830926
830763
830725
830347
829904
829688
829060
828484
827953
826607
825904
824467
824031
820042
819949
817101
815370
814233
813599
808888
808617
804321
804137
802683
802623
801471
800663
800526
798670
798094
798042
797602
797518
796228
796018
795844
795200
794834
794728
794692
793497
793175
790691
790667
790262
790173
790031
789948
787584
785151
784938
784773
783347
780719
780635
780067
778973
778260
778090
777393
776964
776262
775762
774215
773526
772475
772369
771949
770875
769682
767866
767080
765107
763836
763730
763627
761140
760487
758131
757342
756433
756396
756124
755647
755066
754657
753345
753159
752708
750323
749820
749114
748382
745878
745616
743866
743351
743002
742807
741852
740877
738919
738540
737878
737432
737323
736847
735698
735230
734560
733366
732899
732024
731875
729816
729715
729193
727789
726175
723845
723450
722788
721798
721172
719680
717323
717222
716869
716421
715672
715199
713779
713543
713444
709770
708860
708615
708376
707647
707644
707395
707043
705878
704928
700884
698974
698815
697328
695470
695043
693265
692945
692211
691714
691347
690852
689630
689516
687846
686095
685901
684793
684574
684419
683386
683119
681139
679361
678524
678123
678105
677875
677872
675985
673156
672281
672123
671987
671506
670027
667994
665495
664841
663228
662232
660642
660208
658075
657395
656089
655716
655338
653724
653714
653424
652950
651250
650528
650035
649396
649259
645449
645390
645384
644580
644282
642345
642064
642009
640068
638462
638017
637961
637345
635215
634838
633717
630128
628325
626052
625769
625218
623877
623707
623372
623006
622784
622755
622394
621130
618472
617732
617312
613659
611231
610306
609202
608877
606279
605263
605183
604372
603967
603894
603517
600916
598965
597332
595486
595164
591134
590610
590318
589197
587892
587846
587757
587198
586860
578824
577922
577450
576881
576191
574015
573927
572356
571802
571349
570657
570236
568439
563428
560588
559848
559615
559309
559070
557965
554772
552776
550413
549905
547597
546403
542453
542434
542382
541326
538737
535970
535071
532715
530599
530403
530010
526225
525464
523154
522671
518982
517707
515671
514943
514132
513276
512887
512844
510885
510169
509288
509222
509219
508415
506642
506595
506406
504245
503732
501051
499744
499308
498660
498525
498207
495938
494697
494372
494175
493754
493237
492717
492420
492349
490926
489732
488260
486215
483477
483241
482705
478651
478309
475939
474600
474552
473838
473664
473392
471934
471201
468815
468662
468320
468022
464745
464656
464494
463838
463011
461817
460914
460799
459963
459453
458855
458768
456793
456370
455571
454672
453997
453454
453256
452901
451610
450711
449009
448686
447365
446198
441736
439599
438780
438623
438387
437857
436575
435821
435387
435154
433572
432983
432509
431544
430454
428240
426997
426659
426136
425400
424454
420009
419939
419289
418377
417514
415752
415562
415537
412248
411898
411241
409490
408851
408516
407467
407313
405344
403499
403336
403025
402315
402046
401704
399990
397589
397579
396953
396189
395595
395347
395102
394548
394542
394255
394080
393558
393168
392621
392207
390061
389627
388750
387845
387174
387018
386393
383000
382803
380804
380132
378388
378325
376374
374444
373996
372256
371036
370621
370245
369932
367795
367543
367315
366115
365044
364785
364017
363557
361466
361312
360915
360569
360325
359612
359595
357596
355150
353698
352432
348754
348034
346694
344286
343972
342557
342087
339741
337911
337744
337698
336941
335768
334982
334265
333751
332423
330698
329456
328692
326534
325127
324498
323631
322272
321357
320310
320184
318807
314409
313307
312906
311891
309377
308019
307674
304338
303748
303452
302642
301707
301283
300160
299201
299186
296038
295863
295100
294625
294352
293885
293415
290359
289258
288447
288426
288182
287597
285886
285094
284412
283851
280443
280368
280208
279690
279367
278089
276940
275696
275037
274947
273066
271319
270925
270024
269965
269649
269560
268189
266182
264245
263869
263195
262385
261657
261255
260681
260468
259902
258198
257673
256800
256278
255516
254712
254542
251778
250665
249873
249492
248980
248563
247924
247607
247443
245703
244305
244285
242535
241197
238720
237136
235883
234359
233084
232858
231286
230452
227495
225038
224776
223444
221918
221762
220955
220861
219301
218778
218681
209824
209262
206592
205938
205600
205258
204274
203840
203673
201593
199524
199473
199075
198488
196836
195114
194750
194563
194399
192897
192539
190895
189945
189412
189008
188792
188618
187801
186967
186723
186270
186138
186026
185071
182949
181719
179627
179381
178262
177343
174501
171238
171000
170334
168425
167742
167487
166590
166117
165323
164486
162673
161939
161848
161441
161158
160217
159772
155638
154275
153811
153475
152757
152469
152335
151144
150933
147560
145931
144763
143109
141691
140553
140147
138326
137412
136873
134562
134559
134351
134224
134024
133854
128989
128508
128270
128040
127864
127514
127175
126774
124924
123925
123047
120717
119574
118643
117705
117571
115451
114556
114556
114492
112954
109418
108495
107742
107625
107586
104364
102837
99868
99619
97997
97846
95511
95260
92943
92469
92383
92000
91749
91516
90915
89947
89729
89001
88474
88245
88071
88028
87840
87561
86472
85655
85116
84554
84407
82578
82053
82002
80208
80130
79113
78595
78117
77460
77351
77266
75980
72806
71182
69555
69189
68646
67543
63927
62494
59285
58688
57948
56741
56338
55929
55629
55176
54243
53806
53361
53099
49462
46399
44627
43876
41931
41738
39961
39416
38767
38326
37002
34978
34637
30946
30940
30376
28459
28022
27187
25731
25628
25137
24464
24178
21992
21661
21120
20304
20219
19803
18980
18958
16279
15671
12364
11350
10829
10561
9659
8607
6876
4388
4254
3943
3794
2939
1969
875