999894
997514
996791
992294
989926
985609
984986
984009
982761
982400
981571
980989
979750
970021
963875
962771
960601
960330
958630
957739
956654
956585
955397
952119
951380
949030
945452
943268
941560
939436
939279
939194
937581
937008
934431
934310
929954
929646
928757
927128
926111
924778
921153
921117
918888
917679
910204
909899
909514
908495
908051
907645
906832
900420
900082
898212
896377
895378
892127
888902
886711
885335
884140
883835
882315
882114
879495
879089
873558
873438
872068
866714
864260
861902
858902
855640
853850
853062
852962
849257
849210
849026
846765
844334
843623
840985
839614
839075
837920
835048
830223
828624
828298
826099
819544
819152
817221
815977
815097
814690
813307
808170
808102
805408
804186
802144
799318
796260
792631
790955
790848
787770
786889
785038
780185
780065
778653
777698
776691
775562
774971
771657
771485
768882
759363
759175
756940
754535
754168
754091
749230
748668
748486
745862
740879
737612
736816
736496
735698
735151
734735
731567
730631
729445
724355
723963
722997
720842
720403
719487
718860
715420
712452
712180
710770
709656
708538
708048
706021
704036
694736
692497
688748
688528
688130
680544
679322
677293
675444
675119
666926
664770
664712
664388
663091
661493
661319
661148
660506
659588
659330
656266
655992
651797
650845
650582
644343
642570
641185
640681
640437
638609
638402
638028
637181
636482
635374
633774
633451
629437
629241
629112
628262
626155
624175
623370
620696
620106
619251
617360
615557
615390
612689
612575
611168
611040
608714
607947
606827
605498
604572
599858
599676
596385
592977
591281
589202
588327
588312
583234
582505
580895
580645
574241
574163
569688
569349
565956
561297
560666
560188
558264
557165
553206
552254
550500
548059
542861
541028
533360
533099
532400
527118
525721
524802
521479
518079
511274
505307
503446
498223
486806
485120
483795
483576
483313
482897
480724
480565
480395
470554
469148
466239
466011
465034
464909
460091
457759
457278
455982
445250
444375
444269
442429
441512
441469
440722
438777
435337
433652
428725
427423
425702
424316
415682
415504
414412
414362
414141
413784
413123
411783
410927
409978
407281
405708
402694
401455
397417
396058
391158
385878
383548
382831
379877
377913
376499
374864
374224
372403
372132
371977
371348
370333
367361
366830
366025
361764
361437
360053
359956
358226
356364
355164
353524
350788
349438
347215
344154
343089
342114
340964
339942
339634
338041
335864
334886
324790
323742
321655
320992
319811
319491
316027
311385
308396
307648
306392
305528
305179
304781
296927
296805
296320
293449
293238
290573
285704
285099
282691
281483
279254
275960
273914
268309
267460
266648
265546
264516
263644
262655
256684
250543
240694
239304
235909
232584
232356
230968
230941
230844
229654
227799
226892
223684
223303
222925
222453
218108
217598
214197
210744
210067
206546
204756
203397
201714
200212
200170
195605
194149
190170
189412
188654
183280
182374
182274
180649
179827
179474
178644
177826
177465
175682
171827
169723
169675
169222
168234
165701
164924
164502
163898
161500
160716
155398
154873
154241
153603
152878
151954
147449
147298
147297
146424
143954
143290
139561
132269
131404
127727
127437
125972
123655
117027
109358
102282
99955
99322
91022
87329
86877
85078
84360
84292
84085
81370
80289
79905
77836
77770
77530
75136
75021
74364
73032
72697
72384
70030
69207
67756
64711
63594
63526
61217
54660
51013
42422
40050
31712
29368
27898
25905
25039
24512
24277
17806
13926
13329
1183