999578
999534
998293
996018
994450
989879
988876
988510
987618
987592
985391
985170
984934
982411
981781
981153
981136
980209
980065
979626
977400
975602
975364
974460
972823
972807
971811
970736
966168
964223
963527
962568
961695
959750
959419
955882
954403
953240
952173
951036
949462
947117
945344
944390
944114
943922
943872
942863
942183
940407
940286
938784
936636
936604
935786
934821
933975
933783
932216
931791
930650
929936
929121
928694
927917
926702
926686
924643
923932
922373
921092
919793
919121
918759
916598
916311
913162
912430
911353
907979
907920
907351
906726
906153
905345
904353
904223
903897
902734
902726
901462
899197
897421
896844
896677
896427
893615
893534
891983
891936
890862
890664
886607
886468
885126
884397
883992
883669
883473
883351
882540
882421
882129
879104
878995
873426
871345
869611
869362
868567
868449
865845
865256
865042
863889
863539
862963
862653
862538
861008
860709
860662
860565
859568
858722
858501
855929
853219
850783
850541
850440
850208
849519
849146
848628
847721
847221
847052
846510
845394
845018
844602
844214
842597
840894
836460
836085
835840
835460
834084
833974
833636
832643
832476
831846
831112
830212
829901
829547
828912
828887
828097
827880
824280
823090
821459
819741
818543
813182
811160
811142
810978
810878
809696
808981
808957
808000
807928
807909
806089
805947
805850
804429
803343
803128
802610
800695
800679
799401
797992
796737
795234
795102
795044
795014
793850
793284
792742
791442
789639
788638
788273
786363
785929
785403
784075
783009
780380
779964
777379
777231
776981
772864
772399
772394
771417
771088
770571
768227
767430
765925
765257
764648
764207
762401
762371
761697
759630
758174
757459
756976
755449
755355
753932
752081
751529
750098
749403
747822
747700
747536
746320
744954
744919
742596
742236
741457
741431
740438
739173
736679
735915
735409
735335
734115
733226
731388
730282
729051
728336
728000
727853
727443
723139
722974
722328
722039
721191
721075
719235
718697
717890
717846
716664
716633
715128
714742
714080
710295
708698
708519
704759
704088
703990
703043
702167
701678
697655
697290
693558
692007
691650
690086
689839
689594
689547
689459
688803
688775
687046
687036
684786
684664
683801
683465
682127
681947
681708
679783
678446
676193
667958
667616
667278
665217
663605
660832
660153
657995
656952
656373
656019
653870
652513
650971
650849
650463
648351
647684
647468
647372
647279
644635
644574
643596
641645
640450
638704
638699
638627
638494
637285
636997
636845
636431
635334
633940
633711
633135
630201
627159
627114
625780
625343
625323
622379
622120
617455
616883
614837
612158
611662
610595
609578
607280
607040
606442
606438
606126
605516
603225
602630
600153
598166
598151
596669
594680
594289
594212
594045
593402
593168
592649
592525
589960
589308
587837
586864
586569
585683
585241
583301
582629
580815
579293
576475
576194
575846
574905
574223
571853
571544
571426
570262
568913
568681
568121
566471
565792
564302
563181
561447
560091
559536
558641
555726
555241
554850
553178
551973
551648
551646
551303
548661
548531
548425
548405
547752
547615
546837
546283
543439
540823
539888
537330
536185
534940
534922
530739
528115
527979
527407
526220
524966
523799
523600
521004
519633
519436
518840
516693
512591
512503
511208
510922
510776
510238
509712
509063
507970
505189
503866
503364
501750
501171
500873
500852
499285
498290
496697
496286
494402
494394
493547
491963
491500
491211
491138
489822
489643
489057
487930
487349
486613
485455
485143
484360
483645
482962
482945
482842
481881
478570
478443
477632
476869
476412
474397
474322
474196
472677
470027
469659
469648
469343
468883
467817
467626
464837
463671
462044
459139
458990
458952
458787
456721
456124
454834
454449
453645
453125
452709
450885
450360
447995
447930
446237
444369
444295
437547
436648
433822
433541
432736
432599
431008
429304
429265
428915
428490
426980
425457
424258
422872
419696
419686
419658
417920
417186
416700
416306
416039
415968
415568
413816
413437
410472
409433
408919
406753
406565
406494
406467
405310
403585
402880
402730
402468
400240
398602
397523
396293
395030
393014
392120
390795
388975
388060
387940
387254
386927
385538
384901
384711
383714
382462
380794
379527
379020
375556
372512
372226
372125
368492
368205
367349
366893
364342
361241
360106
356646
356306
354830
353346
353009
352606
352154
350192
348983
348326
348158
346612
345475
343717
342966
340802
339899
338475
338385
337233
334790
334623
333037
332318
332102
328856
328552
327700
327094
325944
325495
325417
324721
322045
320966
320119
319498
318351
317746
317198
314853
313725
313075
312903
312799
310912
309534
309472
308815
308302
306656
305909
305001
304390
304337
303597
302665
301722
301472
301466
300892
299705
299696
295298
294273
291969
290956
290744
290425
289882
289856
286347
285741
285566
284535
284362
283439
281241
280843
280826
279437
278761
278576
278453
277803
276281
275249
274538
270367
269704
269321
265475
265348
264796
264616
264360
264073
263939
262797
260296
258214
257752
257178
256102
254802
254334
254120
253827
253211
250813
250360
248266
247833
247303
246355
245389
244623
243907
243568
243446
243188
242940
242132
241697
241589
241236
239449
239436
237596
237123
237120
236885
233510
232564
231567
229676
229128
226084
225093
224631
224388
223961
223888
223750
222930
222804
221785
221141
220836
219872
218372
217931
217806
216902
214919
214464
214232
214080
212450
212356
212019
210958
210633
210511
210322
209962
209316
209153
209127
209025
208104
207703
207098
204688
199976
197775
196054
195065
194440
194386
191721
191125
190401
188867
188749
188510
187884
187452
186265
185809
185694
185276
185182
184325
183859
182014
181605
181087
180690
180188
179322
178866
178722
178609
178179
176206
176077
175036
173445
173392
170357
169509
168970
167343
166005
165780
164491
163850
163228
162963
161998
160209
160022
159001
158991
158456
157270
153174
152515
151715
150499
149537
149343
149334
147770
147638
145823
145079
145067
144807
144524
143542
142384
140140
138558
138107
137049
136856
136273
136139
136077
135329
135019
134944
129076
128821
128478
125788
123982
122318
122215
121550
120434
119299
117440
117298
114164
113142
112775
111556
111249
109714
108956
108428
108285
107638
107168
106812
104210
103760
103737
101213
99184
98178
98047
97864
97863
97687
96185
95933
93849
93534
93258
89661
89402
89046
87724
85399
84117
83911
82806
82785
82378
81653
80239
76858
76559
76447
74493
73656
72999
72508
72200
69669
69640
67143
66310
65434
65161
65112
63687
63359
63262
62663
61810
61784
60269
60091
58659
57834
55268
54594
53596
53589
51717
50984
50372
49759
48382
48346
47213
46787
45732
42079
40354
39188
37114
36992
35888
35262
34940
34794
33657
33467
33068
32398
31219
30593
29465
26390
24430
23878
23606
22013
21930
21925
21167
20670
19859
18925
18585
18430
17894
17594
16615
16358
16350
13628
12811
12668
10359
10047
9742
9660
9175
7501
6541
4986
3444
2995