993174
978224
948344
936013
931219
923640
900152
894710
888500
883181
881175
880359
877322
871034
863177
862910
860119
846060
834377
830915
827552
814501
809708
802507
786632
780073
752461
750183
744222
728197
723985
720954
687102
686007
682059
668235
666237
652751
648583
613315
598781
591312
584139
580597
560188
544673
541999
538875
523426
511200
500356
496585
480232
479012
465940
463717
463573
460449
450561
437077
433881
433540
411959
392853
335285
333335
325280
320694
290995
286978
279942
261429
245609
200311
190300
186849
178174
173089
172450
161000
160603
151135
139300
139077
137536
112465
108216
107439
104174
98820
91855
81792
71410
42696
39545
34340
33122
29627
10494
1508