996493
994624
994179
992653
992204
991971
990269
987128
983609
982592
982022
981420
980667
980345
971684
971041
967245
967079
964031
961681
960916
960243
960102
959194
957866
957748
956457
954097
953621
953282
952192
947591
947080
943084
939373
937542
937501
936898
935921
935365
934663
930973
930817
928491
926896
923155
922505
922337
920825
919877
917626
913002
911329
906065
905697
904629
901595
901386
900796
898977
898418
897436
893981
893375
889860
889140
883640
881411
880529
880438
880057
879949
878439
877093
876444
876170
873237
873190
871733
870386
868283
864189
863862
862714
862540
862471
860794
860320
858517
857745
856121
855319
853908
851893
845569
841568
838021
834651
833814
831948
831616
830508
830227
829708
828258
822767
820507
818702
818694
817005
816555
815001
814510
812655
810826
808879
808009
807957
807942
807088
807045
803363
802732
799556
798223
798217
796838
795916
791934
786783
782833
775728
774385
771888
771549
768845
766154
765283
764420
763400
762000
760991
760983
760769
755029
752971
751869
746625
742026
739627
736211
734954
733533
731442
729923
727977
725263
723824
719099
717378
716080
713169
711762
707607
706730
703976
703083
691423
690141
683540
682132
681004
680921
680818
679602
678084
677853
670945
669354
668382
668180
666295
663971
661570
661005
660739
659100
659039
655059
655003
653210
651234
650240
649429
648275
647899
640857
637647
631990
631085
630939
626853
624648
622363
622166
621725
618629
617383
616694
613134
608660
606832
596351
595403
593786
592511
591988
591327
589244
588107
583999
583767
579776
575971
567520
564750
563668
563314
558325
556228
554613
552840
550578
548559
545691
542938
542929
541234
541187
540776
538949
537187
536621
532121
531360
530579
528885
528811
522908
520408
517618
510760
510700
510149
509164
507736
507619
507295
504130
503531
503279
498674
497500
496081
491540
486671
481111
476677
473594
472025
470530
467815
466203
464614
463311
462023
460764
460045
459372
451318
447271
445942
440967
440119
440100
436721
436536
435385
431571
420543
417835
415676
414775
413420
413011
411724
408525
405458
403895
403148
388812
385007
383946
380988
380275
374952
374557
373715
368204
368135
365664
363397
358103
355360
355131
352980
351458
350808
349766
349122
344775
343882
337053
336080
335368
335160
334519
334358
334224
332216
331313
328590
320189
314258
313982
311973
311719
309467
302565
300525
298899
298206
296012
295905
293551
292943
283547
281465
281202
279688
272390
270719
269480
269263
268822
264546
264234
263941
263119
259167
251467
249551
247622
242732
241863
240980
240235
239889
239608
238578
237636
237398
235432
234707
233575
230084
229582
229521
229427
228708
226641
223531
221561
221210
220733
219460
215063
213931
211300
209937
205845
202927
196851
196829
196603
195266
193971
193892
190740
190400
188737
185929
185799
184256
183147
177806
176309
174278
173191
172966
168710
164900
164894
164340
164192
163743
161835
159307
157660
157545
157076
156750
153868
153799
153620
153340
153147
151868
150124
149237
145673
145658
145541
143448
142913
137591
136710
134647
133264
131010
128791
126044
125141
120561
119865
119475
118823
114748
112786
106372
105739
103898
102167
101188
97479
97385
91689
86760
85636
84606
81337
74248
73012
72301
70874
66541
65583
61900
60741
60609
59748
54864
52208
51273
50868
48912
44795
44499
43296
38174
34648
33828
33655
30184
27190
25448
24250
21272
16761
16052
13689
12004
9834
7180
5004
4560
3637
3401
1711
1409