985481
969910
969442
964811
948316
942169
924839
920391
916965
912276
905943
881726
878646
878390
873375
854619
846124
842233
838813
836253
827558
809340
808797
800538
798210
748362
743502
728723
728103
722914
718802
702500
699607
681353
659314
655636
639892
638258
627158
604956
582853
582091
567836
555666
545736
540238
534564
525649
512885
510686
496608
489806
485262
474075
438413
418428
410063
404034
403569
403283
401050
399585
392486
388387
379018
350495
346905
345528
311503
303016
293811
291543
290551
258841
250396
250066
232300
229342
224266
218416
214491
202259
200090
186921
169706
157201
152662
132030
96175
94741
71615
68504
59850
56203
45105
42385
28893
9866
8058
705