992573
990042
989680
989046
981913
974842
967292
965074
961132
956346
936897
930695
926044
921527
860083
837387
834145
828843
826267
821158
807804
807741
807341
784404
784010
774994
771835
763627
740192
721219
719366
706279
682266
680373
677600
667347
666937
629716
620175
617065
616683
615113
595192
576085
573549
569677
557300
556010
554266
545643
518277
508842
502304
502034
497059
494404
485408
478718
477937
474539
472905
461737
447070
431923
425902
414196
410059
353545
350743
338245
334528
330289
315141
314318
310112
297659
295322
294352
272320
268220
250286
246432
233959
233425
224490
214284
204930
204220
169801
165968
163841
157908
155871
84662
82548
48944
48565
33293
13185
7217