997260
990436
964866
960959
940206
934556
929666
914877
887071
880653
876613
862276
856791
838927
822276
819086
803152
770533
750264
743232
737447
700550
686670
673798
654132
648979
641198
627400
625267
625231
621534
601823
589910
587572
583891
571813
568504
550301
549034
547718
538491
534025
523925
519671
510160
495179
494502
484292
471302
455422
451656
439735
439503
429487
428107
424944
423042
422810
408200
383022
377367
369280
365721
355395
337947
334470
325806
324529
318341
302179
293084
278855
276307
252702
241897
240534
240446
238973
207660
197356
175792
170920
164185
159030
143904
141070
136855
136009
123042
116287
107940
101417
93819
73386
58076
47894
46166
22053
14827
13088