991864
989769
957193
955536
919754
916726
904395
900608
894269
881445
872539
864715
863321
832312
829323
824876
823173
818538
804464
804080
797392
791168
784296
780281
770142
751943
748126
745430
731268
715590
713188
710104
700911
690721
674345
658404
657396
655136
648932
646476
636453
631575
624222
591188
588857
569929
549099
544299
537472
533024
523729
514935
509317
492692
486208
479656
478015
460741
453813
447823
441370
432414
413986
413573
405996
374811
352909
338207
330858
312699
310786
310221
304611
299051
294337
280042
276417
245515
243317
242076
238332
234974
204482
194440
175585
170291
148687
141886
132868
114935
106427
80247
66696
61217
56510
50225
32817
17159
11283
8736