999470
998613
994815
993656
993645
991816
991675
990885
989066
988440
987948
984358
982730
982073
980923
980687
976893
976518
975549
975059
971396
968712
967098
966402
963448
961131
960115
960074
958463
957218
955993
954377
952852
949681
949509
949166
947160
943958
943914
942915
942531
941639
941421
940934
940178
939306
937823
936708
935877
930201
929807
929307
925024
923592
919096
918919
918582
918163
915823
915739
912232
911837
908592
907248
902675
900550
899305
898404
891868
890460
887402
886929
885956
883506
879658
875708
872257
871878
871269
871152
870880
868979
868383
864945
863518
859844
857771
855729
855704
850635
848741
847569
844066
843516
841763
837967
833951
830136
828487
826724
826558
824987
823766
822101
820345
819081
814628
812954
812037
810720
807826
806317
805866
804516
803083
801029
800355
798851
797085
796728
795491
794431
787110
783856
777034
772170
761476
761033
760795
760360
760257
753212
752001
750971
750669
750204
748255
742202
740860
739724
739292
738972
737299
735655
734956
732118
727639
727387
722723
720981
719379
719313
718697
715895
714792
714307
711954
709058
703782
701894
699987
695193
694596
694214
691750
691302
686917
683662
682888
682465
680941
680336
679974
677401
677021
676438
673341
671288
670564
670178
667882
666649
666251
664565
664079
662977
661645
661106
655702
650322
646365
645737
644456
644416
638616
638351
637073
636289
632002
630972
630150
629948
624951
619927
618104
616803
616498
614760
611014
609705
606435
603289
599431
598370
597596
597069
593014
590178
583265
582431
579833
579520
578757
576490
575492
572500
571952
569719
569095
567411
565860
565710
562619
562458
560452
559621
559091
558694
553536
548762
548389
547518
547342
542233
541705
541655
541377
535237
531832
529705
527106
520432
519517
518068
516976
511758
511703
509313
508596
507429
507162
496191
486798
485767
484351
480285
476699
476178
475916
475535
473954
472700
472271
470025
467021
466974
463886
463600
460965
456205
455501
454678
453326
451356
449711
448195
446258
445338
444842
443314
437792
435123
434068
433583
432513
429441
427627
427428
427009
425875
425361
422728
422070
419428
417763
416535
409386
406447
403176
397898
392914
392498
390547
390182
388106
386169
385704
383081
379944
379616
379016
378646
378614
377159
377092
376642
375528
374940
374533
374107
370234
365362
365291
364086
362609
361633
361604
360879
360190
357698
357093
351410
348782
348750
346108
345902
343522
342284
339704
338577
329730
329679
327136
327001
323247
322364
321789
316956
315071
313255
312558
310663
307260
306705
304944
304912
303366
293859
293381
291990
288643
286086
282354
281333
277782
277085
274360
273055
271353
271138
270657
267203
260547
257377
255919
253982
250662
250206
249875
249778
246685
244136
235981
235659
235055
234919
229368
229332
228910
227655
227526
227389
226112
223315
217586
217304
215184
211632
200920
198172
194267
191415
188998
186111
184800
180748
179812
177715
176891
176322
175208
174167
170470
170123
163879
163655
163231
161842
159707
155732
153883
149895
149683
149283
148267
145268
139636
137822
137461
135919
134144
133804
131910
129659
127118
126701
124670
123279
119897
115681
113764
109807
105800
105417
96746
91862
90847
87546
87479
87424
86989
84643
83066
68696
68288
65896
63128
61871
61563
60912
60879
50799
49444
47807
46281
43341
39985
37992
37756
34909
32884
32474
27488
27421
21616
19727
18238
15453
13618
13406
12729
9974
9341
9295
5234
4675
3951
3710
2946
2579