991533
985097
926757
899649
884868
879236
874098
869121
845033
842926
842359
837835
831186
829553
829032
826794
823531
815332
771261
770837
764871
759520
751415
728187
727773
719098
718084
717380
707535
705825
692928
681777
665937
663476
659149
644582
624733
612111
603323
596899
582956
573089
570960
569856
555128
544123
527077
519765
517558
514594
514362
504975
501590
487981
483637
478292
472327
467026
443914
431189
430310
427183
403423
385800
384011
370710
367224
365506
361087
358858
336998
302453
284487
255054
244925
244147
242949
240958
182098
180349
171694
154734
151947
138818
136499
135860
133440
128386
116605
108226
101127
87876
77180
74151
71886
70488
61706
41004
14407
13867