999594
999368
998277
997325
997265
995611
994613
993465
992845
990922
990715
990246
989814
989743
986163
985975
983840
982523
979110
978166
977926
977466
974130
973962
972399
971325
969966
969429
967874
966651
966545
966207
966028
965871
963338
962407
962090
961800
960909
958724
958332
958326
957087
954335
953460
952211
951501
951195
950874
950660
950051
949476
949095
945646
945400
943906
941578
940039
939144
938646
938250
937803
937704
935922
932207
929941
929231
927114
926802
926509
925281
925270
924524
923699
922342
921859
919055
917098
916694
914618
914207
913678
912639
912196
910687
908576
906870
905839
904556
900136
899967
898804
898662
898065
897790
897609
896386
894546
894283
894281
893739
893495
893354
892676
892240
891278
889960
889491
889286
887335
887263
886754
885185
884837
882569
880664
879906
879769
877563
877080
876970
876406
876238
876091
875152
872716
872035
870805
869916
869434
868227
866753
865623
864475
862955
862568
862377
860553
860429
857627
857422
857146
855941
855012
852103
851686
851628
851227
849771
848416
846736
843550
843447
842122
842050
841665
839927
838727
837897
836996
835256
835034
834797
834543
834129
830915
830767
829245
827833
827371
827063
826972
826541
826098
824408
824006
823079
822548
821318
820265
819791
819566
819144
816323
814813
813555
813232
810385
808421
803449
802038
801887
801403
800623
799124
798722
797811
797272
797149
797099
796079
795876
795604
794150
792185
791864
789341
788694
786860
785845
784480
779297
777980
773206
773158
769934
769183
766011
765813
765408
765170
764331
762770
762521
761271
761073
756665
756485
753739
753085
752298
752164
751866
748922
748904
747949
747947
747602
747341
746905
746116
745089
745074
744553
741176
740897
738976
738091
737510
737009
736718
735849
735548
734787
734730
733791
732318
732185
732077
730911
730412
727296
725175
723770
723610
722942
722925
721709
721112
720787
720766
720360
719776
718342
718179
717063
716626
715599
715398
715248
713575
710470
710332
709806
709128
708902
708751
708033
706892
706566
704684
701510
700378
699707
697990
697545
696938
696715
695840
695300
694879
694191
693946
692998
691653
691386
690615
686697
683794
682452
679235
678926
678895
678430
676455
676375
676263
675909
675362
674573
674472
673011
671721
669255
668683
666653
666304
665338
664145
660918
659040
658795
658778
655244
653287
653144
652582
652079
651628
650698
649647
649174
647343
646442
643297
642879
642533
641653
641633
641251
639532
639457
638620
638539
637988
636230
635909
633288
630152
630102
630064
629172
628944
628038
627797
626347
625040
623443
623028
622937
622821
621996
621360
620911
620324
616164
614380
611738
611493
611263
611026
610044
609994
608832
608455
608136
607966
607282
606587
606053
605960
603744
603352
602873
602459
600621
600389
599428
598720
597960
596712
595065
593843
592980
591732
591154
589944
589387
589162
588773
586801
585500
584937
584170
583665
582297
581725
579779
575595
574637
574424
572881
572459
570290
569230
566719
565708
565674
565195
564729
563052
562351
560553
559502
558837
558191
557207
557193
556439
556418
556272
556237
555980
554923
554218
552841
550949
550186
548242
548177
546586
544426
542317
539997
538650
537293
536726
536145
535994
534802
531254
531024
530853
528935
528783
527658
526229
526126
525251
524881
524672
524569
523098
522609
522186
521929
520517
518867
517699
515988
514954
514450
512924
508973
507422
507078
505120
503089
502448
501676
499556
499227
498433
497083
496966
495837
494685
493062
491217
490482
490329
489220
487505
485622
485351
484104
483844
483455
483287
483032
482285
482017
481630
480481
479335
479088
479043
473159
472997
472292
471180
468486
468296
467924
467018
464357
464011
463467
463452
463309
462542
461633
460652
460407
460276
460021
459853
459569
459385
456820
456481
456247
455291
453482
452621
451738
451166
448956
448114
448052
447544
444855
444675
444146
443916
442902
442605
441290
439699
438864
435090
434656
434191
434101
433000
432991
432087
431720
430975
430720
429161
428871
428193
426348
424692
424374
424293
423676
420998
419572
418350
417968
416999
414589
413780
413333
412094
411994
411991
411757
411456
411265
411019
410005
409493
408854
408771
408706
408500
404764
404094
403956
403857
403078
403024
402606
401388
400781
400741
398881
398295
398245
397067
395587
394043
393543
393094
390323
387391
384231
382704
381098
380900
379260
378885
378470
377458
376257
375593
375309
374828
374561
374216
373763
373250
371890
370571
370269
369848
369389
369103
368982
368714
366985
366304
364993
364044
362343
361283
360733
360588
359989
359910
358941
358001
357650
357481
357394
357336
356950
356292
356289
351864
350444
345900
345772
344865
342940
341503
341282
340337
340002
338590
336340
335324
332942
332259
331845
327684
327409
327234
324102
323847
323797
323747
322981
321750
321671
321240
320116
319029
318429
315884
315520
313807
313437
311052
310990
310469
306701
304935
304913
304591
302448
302037
301686
301522
301194
298263
296579
294299
293549
293538
291928
291679
291003
290191
288172
288019
285996
285202
284377
283787
283668
283588
280716
280281
278749
278540
277888
277778
276103
276017
275117
274772
274369
273600
272209
270681
268424
268295
268039
267533
266569
264316
263517
262956
262420
262338
260866
260067
260064
259649
259229
258064
257104
257001
255880
254631
253508
252447
250349
248818
248175
245918
244917
243763
243563
242489
242068
241875
240835
239552
239385
239337
237644
237627
237395
236532
233687
230714
227383
227357
227022
226408
225009
220742
220321
216716
215973
214892
213143
212856
211578
211103
210312
209684
205370
204969
203318
202969
202232
202093
202050
201840
201626
200547
200502
200387
200325
198980
198789
198370
197209
197148
194225
193983
192745
192349
192332
191746
190628
189988
188941
187902
187122
186358
186292
185707
185236
185101
183416
182201
180800
180614
179968
179396
177702
176513
175971
174781
173555
172614
172335
172330
170613
168171
167755
165250
164354
156337
155022
152310
151911
149969
148904
147090
147061
145518
145265
141594
138170
137436
137127
136912
136541
135545
134737
133357
132402
131080
130518
129767
129748
129134
127557
127155
126820
126617
126103
125952
123506
119962
119494
119151
118328
118303
117115
115139
114055
112802
111408
111149
109362
107786
107627
107605
106126
106070
105879
105103
103990
103586
103188
103083
102978
102755
102510
101524
101464
101248
101234
100512
100349
99858
99793
98509
98312
97280
97141
96615
95324
95000
93163
92436
88764
88726
88690
85240
84304
84271
83705
83544
83108
81955
78668
76749
76486
74972
73421
72918
72293
71922
70662
70661
69183
65873
63985
62699
61695
59573
59280
59201
54607
51651
51281
51107
49661
47559
45873
44765
41243
41146
40938
38362
37945
37022
36280
34670
34195
33873
33049
32781
29580
28997
28919
28011
27674
25799
25077
24958
23924
20145
17989
15199
15067
14512
12228
12007
10297
8191
7213
6631
6133
4243
4199
2913
2262
1392
741