999651
996425
995818
994571
993563
992893
989567
983668
983451
982485
982353
981965
981100
979832
978526
978174
976068
974452
973071
968286
964285
963577
963566
961095
956495
951242
950653
948677
946963
946594
943380
940641
938790
938461
937003
933189
930698
929660
923760
921509
918409
915594
914788
914348
912945
911914
911697
905962
903775
902247
899530
897219
896292
893192
890725
888166
887370
883555
878572
874241
872025
867252
866520
863251
862471
860686
860466
856906
856750
856029
855734
855268
853853
848658
847580
844872
842944
842293
840607
840283
837037
836654
833101
828719
825471
821386
821112
820583
816920
815394
810393
809854
806306
805809
801715
801128
799895
798364
794613
794128
792012
789725
789700
789322
788962
787907
785938
783473
779477
779461
779224
777165
776319
776253
776196
776109
773271
772454
771852
770148
767994
766450
766109
765877
761529
761231
761208
757034
746692
745187
743497
740253
739928
737468
736142
735363
735222
734919
729889
727977
727090
722448
722122
720428
719325
718700
717982
716403
712301
708663
707307
707147
707034
705252
703545
700813
690451
687487
686788
684479
683149
682986
679836
675954
668604
668580
668007
667020
666579
666257
661607
661348
661309
660897
660842
659693
657830
655975
652900
652455
651388
651080
650561
648614
647448
643498
642315
642295
640837
638639
637964
635783
635663
625127
624189
618326
617628
611971
611066
610157
609914
609458
601908
601578
596091
594639
594296
593247
591267
588959
587749
587545
586251
584934
584331
578553
578285
576696
571290
570994
570370
568595
568262
567632
566056
562338
560811
559881
559792
554579
552968
552661
550207
550186
546575
545822
544618
538896
537235
535724
532532
532371
528733
525847
525685
523176
522268
521473
521339
520501
520104
519706
519512
519184
518774
512552
507370
504075
502945
501052
500570
496583
493674
493617
491834
490767
489792
487769
482732
481687
476631
476397
471391
466365
464650
463163
462851
459582
457741
456186
453794
452053
450716
450204
450149
448645
448251
448052
447615
445570
443841
442373
441488
441003
440692
440177
434924
433740
431853
431821
428516
426881
423499
423296
418724
418274
416854
415493
414400
408468
407174
406087
404117
398386
395326
395191
388844
388163
387550
386539
385335
384644
383072
381992
381372
379659
379643
371643
366740
366478
365578
362426
355427
354014
352923
351089
349140
346662
338929
338589
337886
336566
334783
323206
322119
321729
318483
316366
310815
303843
302446
298779
295125
294981
294691
294151
292061
291938
290955
288065
285901
284618
282768
278805
272094
271906
271321
271028
270664
270299
267948
263610
262690
256680
253432
253172
251295
248382
246616
246044
245452
245223
244091
241724
239238
235360
233831
232623
227461
222368
221157
219676
217154
216678
216652
214423
211751
211394
210218
209090
208954
207954
206619
205683
203726
203480
199982
197854
196564
194745
191340
185020
180877
180453
179768
178203
177313
176837
175515
175195
168698
166007
165197
163493
161777
153829
152257
151258
150208
149560
149145
147209
146487
145468
143816
140235
136448
134274
132937
129310
125317
123673
118354
117677
116741
115117
114653
111131
110351
106085
104236
100939
99509
94591
93289
91240
90428
89363
82918
75439
75219
73856
72380
70760
66617
65971
65520
65268
62838
62241
61506
57611
56889
55007
54157
50651
50122
47294
46098
44127
41183
40551
37007
35520
35320
33962
32190
28708
22201
22018
17242
17143
13482
13361
11076
10895
6024
4957
4289
1263