998831
998017
997913
997811
996769
995752
995010
993481
992020
989729
989170
988731
988537
987722
987462
986338
982701
982516
982403
981811
979476
979360
977154
976217
976042
975449
974674
974614
971590
971559
970356
970119
967659
966236
965961
964896
963964
962559
961967
961766
961240
959973
959935
956916
956391
956387
955870
955486
955082
954986
953974
952075
951847
949818
949747
949475
949441
949402
948948
948372
944363
944289
944171
942045
941834
940865
939601
938814
938160
938123
934971
934593
933697
932243
932058
931808
929398
929351
925307
923612
923496
923272
922846
921760
921529
921188
920202
920080
918000
917758
917441
916785
915832
914213
914151
912913
911258
911223
911097
911038
910764
910074
909827
908257
905940
904320
904086
903707
902636
902470
902341
901084
899019
898540
898419
898306
896561
895682
895651
893666
891720
891363
888750
882848
880719
880594
878805
877545
877123
876450
876320
872870
872723
869681
868657
867785
867333
867252
867076
866786
866369
863638
857538
856718
856691
852029
850749
849962
848433
847376
846089
845552
844398
843888
842765
841888
841181
836514
835260
834497
833729
833612
833570
832387
829407
828808
827519
826856
825837
825575
820717
820617
819847
819398
816719
816577
814706
814335
813879
812492
812038
811525
811096
810947
810392
807430
807210
804957
804605
803336
802492
801445
801265
801234
799418
796837
796469
792099
791588
789811
789559
787584
785739
785680
784220
784101
783427
782953
782751
781626
780034
777481
777456
777400
776857
775833
775805
772760
772305
771220
770019
769929
769613
769464
769338
769096
768838
768774
768584
768194
768163
767333
765262
763645
763522
759503
758597
758477
756719
756589
756130
755978
753298
753211
752094
751558
750981
749095
749067
746934
746406
743717
742618
742496
740534
738161
737490
735868
735855
734202
734152
732464
731982
731799
729224
728897
727984
726405
725869
725854
725237
723850
723733
722790
721983
720529
719639
718680
717677
716309
715894
714984
714485
710996
710396
710128
708336
707873
707050
705672
705009
703705
703470
702516
702339
702339
702220
700351
699323
697588
697402
694239
692778
692524
690454
688391
686495
684525
682173
681435
680407
680398
678874
678156
676476
676286
670757
670532
669970
668594
668580
668230
667619
667474
666399
665807
665342
664135
663781
660788
660592
657788
656659
654431
654273
653394
652955
652072
650776
648768
644347
644181
643936
642868
642601
641099
639324
637714
636117
634053
633001
631852
631066
630403
629878
629799
628778
627796
627322
626526
624255
623882
623540
623243
623167
621633
620858
619363
618372
618228
616214
615963
615406
614142
614104
613000
612245
611990
611977
611258
609837
609803
609497
608656
608534
608521
607997
607665
606129
604454
600182
599866
599689
598324
598318
597357
597205
596700
595757
594980
592352
591765
589298
589282
587202
586747
584420
584077
582699
578201
578126
576917
576253
575598
575024
574240
573926
573482
571636
571355
571107
570454
569812
569331
568929
568439
568196
567997
567711
567489
565543
565406
565017
564783
564626
563503
560353
560226
559482
559301
559092
558748
553757
551986
551285
548690
547490
545214
544837
544527
543883
543817
543325
542612
541495
541294
540449
539387
537796
537625
537316
537168
535680
531517
530973
530788
530112
529837
529474
528317
526022
524002
523591
522503
521617
519930
518685
518460
518122
517406
510527
510043
510002
508827
508306
507842
507741
507442
506825
506804
506296
505480
503965
503862
503271
502451
502366
501637
499804
499628
498184
497879
496547
495452
495146
493080
492596
491623
490896
488977
488225
488106
488053
487140
486341
485219
484141
482724
482471
481535
481481
481363
480668
479877
477405
476332
476222
475625
474763
474620
471837
471387
470796
470616
468873
467502
466849
465154
464653
463667
463383
461403
459268
458136
456837
451178
450163
449170
447394
445761
445230
443430
434467
433374
432765
431253
426461
425668
425636
425624
422085
421319
420870
420866
420397
419530
417529
415847
415549
415056
414255
414028
412534
412014
411658
411461
410974
410112
409140
408207
408034
405174
404832
404101
404008
403509
402580
402453
402273
402034
402012
401771
400893
400881
399859
399725
397942
397099
396994
396325
394542
393566
393014
390625
390460
390030
389330
388965
388176
387663
386413
386345
386012
385915
384269
383909
382580
381776
380705
379340
377489
376895
376032
374698
374308
374282
373365
371515
370052
369938
368615
368426
368068
367573
367496
364220
364040
361782
360415
358999
358296
357670
357386
356533
355965
355415
354525
354324
354290
353941
352623
352617
351978
351511
350904
349338
348766
348460
347724
345460
344339
342689
341266
338812
338759
338027
337468
336580
335672
334019
331074
328323
328163
327948
327487
325330
325046
324741
322942
322861
322655
322636
321482
319220
318908
318742
318653
318434
318166
317994
316208
315540
315340
314985
314848
314184
311607
311413
310043
309617
306716
305275
303887
303837
303337
303069
301695
297550
292469
291411
291168
286491
286200
285836
285623
285528
284469
281947
281186
280980
280749
280233
279344
279052
278766
278072
276421
275998
275907
270152
269605
269206
268899
268736
267428
266998
266914
266586
264695
264531
264344
259535
259501
258619
258524
258101
253157
252465
252176
250337
249772
248986
248043
246971
246559
246251
240009
239169
237642
237133
236843
236451
236005
232972
231441
229535
229403
229357
227583
227481
227282
227154
225007
224126
222962
222415
221863
217586
216531
216413
213045
212747
212201
211256
209512
209148
208184
208142
207448
207374
205365
203388
202600
200864
200654
200527
200029
199645
197556
195139
194519
193870
191741
191321
187685
187365
184014
183422
182937
182530
181129
181126
180208
174783
174556
174289
172490
170819
169684
168053
166837
166348
166323
166141
164405
164080
163984
162742
162070
161743
161670
160291
160189
159315
158849
158343
157187
157120
157089
156899
149498
148036
147965
146868
145556
145413
145334
145250
144786
144577
144218
143655
142212
141726
140860
139963
137342
136429
135838
135747
134787
133806
133143
133014
131451
131425
130754
129713
128067
127824
126842
126129
125098
124920
124154
123897
123527
121108
121083
118567
117432
114150
112719
111189
110156
108622
108568
107777
106686
106331
105656
104582
102773
101705
101394
100127
99239
98964
98668
98641
98579
98194
96791
96730
95770
94733
94258
92919
91512
90785
90667
90277
90010
89291
89259
88924
88495
88396
87778
87571
86232
83643
83586
83530
77191
76832
76014
75986
75658
75160
75070
71684
68012
67596
67556
67514
67417
66345
65417
64642
64262
63723
61572
61293
60974
60718
58018
57843
56934
56314
56263
56160
55896
55839
53938
52174
51218
49553
47819
47613
45927
45622
44806
43779
39864
37002
34429
34372
33901
31520
30352
30252
29661
29137
26768
25755
25004
23530
22816
19766
19351
18104
16718
16137
15111
13416
13215
12820
10200
9825
9669
9469
5779
5773
5738
5524
5353
4032
3927
262