999638
999472
998836
998548
998282
998039
996716
996097
995857
995797
995368
994151
994048
993780
992702
991797
989926
989505
989295
987945
986722
986543
982817
982586
982551
981802
980828
977747
977698
973972
972941
971485
970424
969556
969211
968730
968553
968472
968386
966923
963457
962796
962687
962390
962297
960314
958957
958241
957479
955454
953925
953627
953162
951155
950422
948991
947947
947692
947679
947367
945115
943079
941997
941165
940867
940755
939556
938223
937770
937669
935968
935893
935197
935190
935029
934148
933362
932081
932016
931954
930871
929538
929189
929151
928677
926346
924668
924123
923577
922625
921352
920939
919688
918765
917275
916971
915203
914247
913941
913626
912739
912650
909766
909169
908517
904094
903222
902825
899439
898430
897861
897596
897377
896546
896503
896436
895357
893089
892694
892267
891692
891639
889278
888104
885380
884514
882496
881238
881054
879276
878705
877292
876993
876979
876311
871139
871059
870552
870253
868792
866261
865800
865381
862261
861917
859760
858884
857908
857010
856810
855643
853389
853101
849264
848211
847568
847476
846290
846137
845135
844387
843871
843722
842625
842228
841444
840275
839074
839006
837898
837657
836451
836291
835353
835083
833977
833371
833189
833066
832732
832593
832316
832166
831827
830038
828980
825598
824223
824191
822620
822458
822319
821413
820160
817712
817241
816590
816163
815546
815177
814528
813003
810664
810573
810537
806560
806351
806020
800216
799939
799659
799364
799094
798735
798666
798331
795859
795756
795747
795452
794407
793338
792215
791606
791190
788660
787878
785950
785053
784226
783529
780097
780003
778795
778666
777834
772601
772583
770100
768562
766905
766057
765386
761067
757088
757057
756489
756469
756281
756185
754576
754343
753489
753236
751337
751101
748679
745678
742581
742383
740811
739440
738509
737893
737671
737572
737274
735221
734899
732784
731988
731199
730793
730575
729366
729118
727250
724425
724401
723697
723279
722232
720745
720487
719854
714070
712970
712563
711082
709737
709690
709482
708416
705517
703266
703235
702654
702120
700258
700025
699822
698996
697073
696964
695143
690924
690286
687802
685475
685405
683518
683264
682073
681456
679440
677931
677806
676662
675813
675415
674690
672327
672264
670443
669562
669174
667734
667210
665323
664638
664232
662878
660419
660383
660027
659139
658713
655379
655028
654406
652136
651974
651494
650664
650264
649926
649248
647078
646939
646531
646421
646218
646031
645813
645130
643193
642883
642716
641822
641095
639265
639233
635949
634306
633980
633079
632332
630949
629314
628332
627366
626865
626446
626139
625034
624682
622643
617975
615510
611719
611219
610873
610771
609747
608932
608552
607003
606419
606365
604533
601869
600855
600366
600139
599928
599852
598864
597721
595646
593515
593053
591890
591717
589668
587344
586563
584357
582806
581829
580719
580658
579825
578782
578357
577061
576742
576132
575449
573975
572215
571205
570726
570389
570329
570095
568278
567605
565998
565666
564088
563757
562896
562813
562623
562124
561734
561136
558671
558035
555927
555876
555047
554423
552732
551836
551234
550529
550360
550124
549286
548314
548174
547380
545241
544129
542201
541334
539906
539477
538469
538426
538331
535953
535015
534789
534436
533588
533210
532901
532525
532415
532137
532014
531427
530364
527675
523656
523003
522223
519631
519338
517766
515474
515473
515136
509962
508599
504299
503606
501902
501884
500804
500667
500119
498394
498075
494575
492970
492836
492387
491733
491105
490534
487379
486454
486347
485972
485783
485529
485019
484792
484098
483296
483088
481320
476122
473538
470947
469758
469489
468642
467728
467714
467186
463950
463760
462569
460493
458474
458422
456935
456893
456353
455315
455188
453404
452572
452553
446934
446208
444103
444059
444052
443946
442017
441823
441623
441285
439944
439805
439570
438557
437451
435821
435395
434958
434863
434035
433797
430104
427713
426916
424438
423896
422882
421778
421433
419657
417157
415212
414597
413376
412277
411644
411453
410875
410386
409483
409343
409294
405015
404657
404332
403792
402675
402372
401547
398769
398723
398100
396476
395731
392461
390554
387625
387487
386152
385561
383559
380366
379703
376601
376481
375602
375105
374817
374505
371261
370587
370242
369102
366552
366353
366332
366220
364754
363785
362824
362783
362761
361578
360971
360268
359525
358572
358528
357862
357850
357590
357187
356965
355317
353005
352040
349222
348519
346306
345914
345642
344769
344208
343213
341788
340756
336258
336180
335631
333862
333120
332048
331397
331359
331042
329258
329013
328683
328446
327654
327146
326719
324386
323053
323041
319847
319083
318299
316694
316134
315775
311981
311423
311210
310651
310427
307833
307455
305998
305523
305154
304933
302851
302136
298057
297873
295352
294963
294284
294190
294104
293909
292904
292529
291917
291839
290721
290085
289985
289907
289618
289457
288998
285517
285371
283697
283676
283002
279953
279851
277509
276292
276030
275818
275816
275017
274614
273979
272714
272395
272006
271154
270833
268060
267401
266163
265768
264651
263259
262718
260858
260257
259632
258835
258477
258463
258408
257812
256986
256878
256778
256315
252939
252655
249675
249274
249215
247856
247578
246972
246777
245502
243876
241518
240941
240386
239717
239578
238750
237339
237053
236218
233362
233218
233142
233123
230978
230604
229866
229273
228982
228724
228548
228084
227797
227058
226489
226249
224394
223837
223602
222070
221313
219920
219315
219116
219001
218783
218480
217547
217220
217200
216428
215809
215670
213679
213117
212589
212261
210956
210907
210516
209778
209087
204470
203841
203386
202196
200946
199831
199291
198252
197502
195821
193280
192772
190609
190025
189095
188619
187369
186167
185288
183809
181973
181559
180560
179757
179561
179374
177062
176278
175660
175265
175102
172686
170834
169069
167503
167113
163223
162920
162017
160490
159013
158580
158245
157029
156303
155755
155647
155123
153157
152102
149940
149225
145059
144345
144344
144206
143386
143380
143246
141180
141040
140778
134603
133835
133197
133007
129714
128678
127027
126857
126476
125479
121664
121307
120980
120181
119538
119493
119157
118979
118173
115803
115527
114309
113776
113261
112121
111368
111295
110576
110456
109978
108519
105650
105505
104991
104646
103749
99763
99649
97403
96475
95726
94973
94666
92366
89065
85990
84279
83584
82129
81036
80028
78391
77830
77250
75335
74374
74176
73465
73432
73065
70247
70074
69160
68896
68607
67878
67146
65412
64862
62895
62347
62112
61202
59467
59309
58218
57047
56342
54700
53156
52994
52957
52216
51884
51023
47941
47147
46509
46332
46214
45856
45051
44376
43974
43801
43430
43060
41790
40903
40289
38361
36655
30087
29938
28028
26726
26707
26235
25943
24933
22429
19612
18958
17426
16336
15463
14191
13097
12941
11849
11421
10114
9220
8843
8465
7304
7040
4780
4084
4027
3699
3123
2940
2895
1081
59