999739
999023
998852
997436
994380
994267
993303
992460
991946
990168
988677
988547
988449
986471
986026
985798
985448
985039
983100
981666
981388
980834
978910
975715
974627
974272
974049
972549
971600
971329
971169
969343
968960
967600
966991
966943
962156
961513
961496
961228
960041
959776
958561
957998
956692
955892
955818
949711
949509
947920
947349
946210
944584
944483
943230
941872
940767
940478
939834
936659
935701
933193
932428
931787
931655
930334
928280
927030
925413
925244
925039
923957
923081
923070
922161
921596
920974
918515
917218
917146
915962
915662
915616
912840
911902
910883
910143
909071
908810
907788
907146
904919
904644
904038
900596
900429
899427
899402
894853
890343
889751
888079
888030
887560
885881
885766
885362
884996
884590
883364
883358
883053
882534
880131
879885
876822
875216
873944
873365
870536
867949
866916
866023
862905
862884
862864
862330
861488
860661
860213
859603
859129
858596
856744
856251
855358
855353
853671
852937
851077
850609
849905
849449
848541
848282
847612
847344
845951
843161
842949
841725
840520
839279
838666
837521
837218
835445
835187
834989
834301
833816
833073
832660
832246
832048
830439
829176
828657
828280
826566
824663
823318
823147
823114
822671
822051
821533
820760
819327
819202
816984
816482
816174
814283
814078
810191
808884
808319
805445
804784
804540
801558
801489
801310
801029
800627
799356
798704
798453
798412
798362
797578
797546
795069
795066
794230
792629
791788
791208
791085
790405
789000
788246
788153
787430
786668
786652
786173
785698
785405
784930
784445
781661
781194
780846
780142
779956
778792
777727
775160
774669
774452
772207
771557
771408
770836
769437
769255
768248
767582
764708
763197
762942
762445
760912
760594
760109
759062
758536
758355
758110
757375
757293
757184
757067
755813
754762
754700
752866
749971
748325
747068
744286
744094
742759
742507
741110
740904
740737
740594
735680
735266
734726
734147
733828
733461
733436
730480
730178
728610
728460
727541
726019
725407
722599
720429
720372
720132
719736
714198
713626
711680
711032
710541
710116
710010
709162
708775
708622
708414
707184
707175
706156
706073
705178
705166
705049
704106
703766
703578
703211
702923
702079
700270
699096
698952
697563
696170
693252
692722
691760
690827
690468
690207
690030
689611
689534
688578
687737
687620
687243
686015
685777
679827
679592
678765
677290
677288
673338
673142
671933
671728
670021
669368
667626
666891
666512
666494
666282
664728
664273
662673
662196
662101
661439
661427
660951
660794
659864
659252
658773
657589
656520
654306
654284
653347
650425
649622
648686
648404
647719
646041
644771
644575
639642
635044
634963
632142
631525
631035
630417
628781
628622
628542
627258
626641
626388
625964
625649
624614
623715
623586
623352
620844
617662
616413
614496
614254
613067
612033
607491
607169
605942
602831
602550
602058
601969
597145
595790
594725
594100
591939
587732
586184
586091
585726
585673
585081
584724
583286
582667
582119
578812
578268
577291
570144
569221
569133
568779
568090
567469
567419
567120
566715
566220
565381
564606
562940
562480
560607
560460
557477
557192
554169
552455
551591
551446
550473
550424
548948
548771
547211
546662
546292
545316
544865
543314
542855
540503
539734
538062
536261
535192
532514
532462
531722
530217
528075
527913
527648
527428
527157
527068
526902
526612
524817
524386
523844
521736
521315
519715
519650
518727
518654
518003
516919
514398
513978
513526
513201
512486
512407
511722
509918
508865
508449
508230
507491
506555
506209
505639
504235
503748
503509
503218
501686
501075
500525
499600
499095
498154
498105
496984
496860
496727
496637
495381
495347
493431
490172
488856
488279
487561
486313
485134
485000
483017
481847
479701
479005
478877
478805
478280
476427
475581
475518
475483
475228
472642
472030
471238
470247
469945
468900
466722
464705
464392
464296
464083
461202
460718
459295
459280
459012
457840
455979
452588
452389
451319
450613
450237
448043
446225
446209
445433
445433
441840
441201
440710
439161
438264
438250
437791
436238
435605
434869
431813
430486
430460
429817
429440
428614
427437
426732
425361
424906
424806
421214
421147
421037
418676
418660
417837
416896
415000
414762
414706
410424
409943
409382
408885
408575
407136
404508
399796
398949
398666
398665
398643
397747
395556
395368
395269
394786
394441
393986
393217
392054
391848
390765
390287
388728
388606
386569
382119
378903
378579
377917
377466
377386
377266
376894
375268
374694
373694
373563
372575
372524
371909
371152
370312
370024
367347
365131
365016
364846
364698
362898
360857
360515
359366
359093
355794
355205
354058
354045
353836
353576
353089
352011
350893
350710
350547
349553
349060
346746
345929
345531
345284
344908
344837
344136
342877
341300
340071
338241
336720
336362
336235
335859
334364
334357
333466
333238
332689
331664
329966
328422
328275
325009
323454
323272
322411
322079
319003
318248
315647
315468
314918
313830
313165
312936
312099
312050
310213
309859
309020
308082
307719
306760
305972
304902
304604
304490
301350
301312
298814
298555
298118
297855
297414
296356
296130
292811
292523
291698
287658
287225
287053
284937
284447
284089
283576
283148
282633
281623
277418
277362
276955
273718
270247
269024
267287
265797
265535
265490
264507
264045
263483
261885
261174
260428
260332
259039
258417
258241
256273
255732
255642
251494
251027
250317
250257
250180
250150
249472
249453
249345
246604
246282
245676
245632
245012
244699
243717
243495
243343
242105
241796
240503
240452
239133
234580
234564
231289
227692
224744
223138
222732
222432
221610
221098
218559
217718
217352
217244
216586
216445
216429
215376
214617
214508
213988
213459
209546
208149
207838
207177
206769
206767
205715
202398
200011
199405
198759
197612
197580
196668
196609
195890
195381
192960
192020
191933
191782
190832
190170
189375
187861
187426
187073
186443
183943
182379
181188
180384
180273
179740
178050
177998
177963
177147
176406
174638
172869
172711
170497
169583
168543
167610
165647
164185
163171
162664
162519
161579
161522
160586
160227
159842
159445
156317
154374
151838
151325
147544
147248
146912
145219
143732
142580
141607
141102
140811
140305
139714
137331
136234
135052
134471
130316
128251
127747
126817
126505
126246
124210
123375
123298
122624
120725
120625
119135
116419
116395
115331
112697
111083
110391
109397
108785
108783
107971
101832
96681
96432
95381
94636
94213
90646
90314
90118
86487
85444
85301
84653
84053
84018
83807
83198
82914
82575
82055
81538
81060
80122
78496
78271
77108
77041
76333
76196
75915
74331
73341
72850
72208
70069
69249
68842
68093
67089
65778
65717
64570
64354
63360
62998
62587
62220
62146
61975
61741
60436
60004
57888
57751
57438
57000
52289
50956
50631
49308
48822
48336
48014
47592
45402
43721
38068
34284
31506
31048
25372
24722
24131
21942
18392
18047
15251
14769
13000
12921
12892
12804
12568
11527
10328
8733
8090
6468
6180
5330
5311
4350
3982
3710
1489
254
41