998287
996292
992051
990281
988766
987650
987620
980874
979723
972635
968052
967610
967310
966806
966512
959760
951795
950028
949842
947817
945185
939730
937328
936271
935098
934397
933574
929281
927568
924190
917145
916665
914527
913578
910101
906935
905190
903642
903481
897463
896533
896013
894862
894723
890310
889666
888955
886705
885974
885317
884348
884297
882002
881254
880824
877664
876496
865434
864580
863692
863161
861198
859733
849850
848147
846799
843417
841775
836949
833813
832949
830988
825562
825325
821581
819051
819046
818788
817876
815874
806642
805524
805386
803939
799228
798347
793203
792762
792419
792177
791416
788998
787944
787085
785023
782661
778822
771826
771455
769041
768499
763992
761454
759717
757453
755619
754397
753793
751533
738885
738596
733148
730936
730446
730314
728528
727918
724454
722120
721737
718798
717348
715890
711547
709944
703310
700300
700078
693104
692964
692660
691220
691076
689300
687515
683587
683347
681372
679500
678965
678911
675893
675694
673644
672055
671964
671670
671647
669852
667945
665216
665121
664270
664232
662287
659293
658524
653400
652159
650944
648876
648442
644840
639676
637469
637371
634694
634005
629838
629717
628339
626829
623347
623261
623155
622658
618399
616288
615539
614594
614458
613694
613181
604407
600452
599287
598020
594812
584247
583852
580900
578789
578435
577608
576620
576163
572530
570692
567319
567182
567152
565689
562587
561879
560369
559809
559279
557733
555025
553620
551736
551219
551126
549753
547172
544969
544229
544107
544051
543465
537598
537586
535933
534933
531298
530303
529290
525534
523675
522840
522757
520059
517910
516507
516418
515085
514070
513686
512912
510443
510368
506699
501905
499880
496923
496499
495375
490802
490600
487128
487103
486728
483998
482769
480615
476934
465858
463863
462758
461463
460369
458705
456633
454614
450873
447574
446372
442983
440790
438758
438361
436086
435021
434118
432842
430772
429656
429437
429424
428628
422136
420577
420378
417632
417221
416224
415254
414996
414516
413731
413620
409621
407885
406957
405997
403951
403884
402974
402417
402308
401091
400191
399789
399594
398061
397557
393818
391304
388240
382504
380247
379888
379746
379431
378964
376937
376651
374201
371425
370910
367570
367500
361622
355572
354653
354478
352143
350635
349490
349107
343304
341058
340724
340053
337098
336465
333115
329830
329734
328843
321661
318942
317274
316552
308921
308260
307723
303387
302527
301576
299656
289004
288997
287506
286859
286175
280069
279146
273766
272514
269910
267431
265794
256870
256712
254967
254655
251505
250058
247831
247322
246821
246172
244221
244169
242140
235399
231773
231146
229144
228041
223822
223465
221871
220810
218080
215636
214116
212750
211178
206930
205781
204237
199691
190116
186811
185743
184596
183628
183096
182766
180475
179315
177924
177394
177118
176217
171427
169619
169026
168022
167203
163708
162010
157656
154871
154543
148520
148350
147776
144156
141951
137906
136328
134968
134223
134211
133230
132282
131192
131161
130443
126741
124826
122215
121780
120907
120675
120134
117789
114102
111389
110354
104075
102988
96647
95914
93756
93460
93110
91664
88759
88220
88004
84046
83760
81814
81684
81111
77612
77336
77299
77220
76353
76019
73466
70824
65736
61730
53507
51286
42092
40794
38612
38265
37819
34839
34239
34046
30815
30411
30052
29544
28788
26476
25921
25294
24393
20091
19699
18161
17340
15437
10244
7677
7448
4329
4160
2634
334