999810
997066
994566
994213
994178
993687
991607
989063
984224
980516
979661
976446
975242
973477
973155
972042
970549
968552
965442
964539
964479
961630
960116
958188
957888
957405
957253
956746
956598
953058
951035
946898
944244
941734
936786
931800
929841
928857
928099
927566
925510
924262
923788
922008
920803
920590
919853
918730
917808
917009
916452
914344
912259
912065
911866
910878
908667
907047
906385
904432
902706
901945
901334
900043
898147
897279
894941
887474
884198
882899
881215
874998
874688
869802
869027
863419
862339
861548
858570
855385
854299
854130
851042
850977
846959
845212
844130
843358
840338
838809
837720
833051
832908
831915
829032
828667
826603
826374
825923
824321
823655
822953
818491
817298
817158
813963
811871
811341
807745
803877
803573
802288
800081
795579
793949
787575
778098
775790
773845
767442
766021
765853
763372
762258
756898
756669
754210
749801
747619
745607
744821
743464
742281
739341
739161
733127
730847
728384
727150
726609
726366
722423
720303
718718
717323
716014
715180
705548
704483
700923
699273
699165
697672
697665
697648
697054
695639
686565
685911
681901
677107
676990
675277
669173
666117
665995
665583
663409
658127
657813
657237
656702
654239
652562
650491
649766
646257
643585
641938
637067
631937
630327
628279
623213
620580
619338
617321
613967
609087
608350
606013
604855
603775
603689
600843
600598
599918
599070
597598
596848
594617
594174
593851
593578
592592
589586
586853
586842
586481
584526
583871
583137
580474
579009
575498
572850
570320
565524
565396
564495
562097
561951
560908
560151
557432
557414
556494
556362
555132
554553
553759
550629
546987
546463
545847
545086
543647
540198
537955
536558
535722
532482
530739
524549
524329
522490
521948
519769
518150
517610
516912
515629
515314
514446
512406
506383
501349
496093
495553
494830
494390
492317
492098
491942
490975
486334
486275
485673
483079
478517
475629
475209
473360
471906
469321
467235
465170
464448
463500
461812
460027
456646
454204
454098
453209
453044
451915
450393
448706
444048
443617
440326
438895
433871
428878
426909
425919
425062
421974
418268
417950
415920
414110
413590
412775
409314
408368
407844
405846
403346
401991
401619
399648
399148
398469
398320
398197
393362
388736
387863
387554
387036
384489
383560
376371
370386
367067
365880
362025
361552
358936
356642
353309
345721
343650
342007
340367
339575
336609
333327
333250
331364
329288
328805
327793
327586
326931
323131
322922
319629
318156
315331
314891
309521
308996
308792
298651
298565
297648
296706
296289
288198
286687
279254
278742
278337
276316
276017
274360
272462
269338
266598
263782
262242
253995
244232
243942
243597
242209
241811
240093
236800
227027
224266
223400
223139
222891
222370
219073
215844
215116
214108
211609
209055
207839
206180
204848
200307
199481
199311
198480
197116
196251
192778
190605
188686
187484
181414
176893
175581
174426
174342
172252
168742
168472
167172
166780
166713
166623
165950
162799
161429
161398
159371
154976
150674
148302
145771
145771
140553
139184
137997
136336
135469
134311
131985
131276
129913
126874
126684
123479
123354
123206
121797
120778
115951
115949
115476
113323
111394
109919
105401
104263
90229
89902
86589
82784
81759
76691
74999
71470
71332
65274
65222
63583
60351
60137
60116
56014
55458
54756
53471
52112
48168
45671
44733
42937
40556
37293
36641
36566
30010
29569
27593
25793
25427
25072
22033
18333
17931
11286
10245
8958
5048
4561
4004
3314
2425
1126
421