999853
998919
996047
995255
992987
992783
992030
991380
990702
990504
990111
989317
988375
988114
983904
982313
981964
980989
979410
977656
976314
975876
975574
974713
974411
974184
973184
971155
968835
968683
968420
965444
964424
964187
961440
959247
958939
958765
958458
958109
957049
954125
952996
948392
947926
946939
946746
946560
946283
945975
945554
944239
944012
943663
942534
941164
941140
940745
939958
939398
938487
937255
936016
935044
934315
931637
931627
928749
928221
926354
924026
923177
923009
921813
919258
918251
917922
917767
915495
914363
914126
913965
913351
912575
912262
911835
911562
911016
910844
910661
910494
909044
908690
907282
906408
906274
906150
905476
902924
900100
898879
897233
897140
895854
895847
895735
895599
895278
894617
891490
891100
889310
889025
885905
885653
885649
885458
885387
884925
884381
882510
881830
880643
880498
880309
878693
878576
878304
877931
877304
877237
876771
876651
875677
874492
872926
872551
872244
871875
867614
867155
866582
866046
864706
864613
864177
863291
861905
861888
860114
857244
856752
855041
854444
852933
852356
851421
851267
850572
849293
848415
844635
843241
843141
842863
842431
842131
841956
841032
841002
838501
838270
838195
838039
837283
836714
836707
836573
835359
834894
833753
832767
831048
830935
830227
829917
828969
826922
826240
826052
825027
824067
817785
817697
816606
816600
814238
813915
813184
812115
809216
808631
808019
807496
806675
806115
806109
805657
804602
803694
802094
801065
800613
799308
798831
797261
796712
796563
796266
796123
796037
793300
793267
790577
789063
788680
786602
786516
785000
784982
778445
774869
774671
772227
771583
770919
769810
769184
767619
767245
764960
762710
759647
758918
758219
757751
756797
756144
756023
755833
755728
755045
752245
752005
751847
751508
751118
750784
749887
749810
749288
748173
748141
747628
746593
746066
745850
745152
744590
743956
743693
742710
742044
741971
741958
741712
741183
738525
738463
737118
734336
733830
732950
732563
731854
731367
731363
730626
727848
727211
727208
725227
723681
721635
719879
719168
716955
716676
716158
714796
714657
713267
711976
709545
708729
708144
706851
706792
706654
705684
705125
703166
700806
700662
700237
697725
694460
693354
692325
691852
691468
690375
689349
689334
688484
687450
686267
684526
683357
682560
681543
680673
680646
680391
679863
678724
677680
677496
677095
676213
675811
675326
673775
671532
671000
670359
667774
665667
664980
663753
663503
661954
661216
661069
660695
660525
657637
657069
656924
656141
656101
654174
654166
651682
651458
651173
650873
650283
649428
648779
648683
647525
646610
646038
644677
641612
637001
636904
636309
636153
635955
635054
633221
629866
628905
628619
628255
626449
625729
621137
619712
618873
618496
617525
615899
612870
612388
611822
611665
611588
611192
610127
609116
608340
607480
607335
606823
606564
605773
605727
605434
605357
604936
603913
602461
601572
599105
598367
597523
596100
595437
594841
594528
594468
594436
593244
592926
587830
587579
586649
585932
585346
584988
582793
578533
578126
577797
575917
575310
573568
573335
572465
570969
569893
568569
565566
564620
563035
561191
561145
561064
560871
560627
559232
558777
558755
557389
556125
555315
554581
553525
552579
552070
549949
549883
549251
548477
545336
545120
543810
543114
542276
541973
541748
539379
538946
538919
536079
535413
534597
534208
532684
531835
531103
531089
530572
530044
528947
527121
526000
524949
524192
522714
522525
521708
520667
519897
519138
518920
518632
518394
518363
517041
516680
516590
515779
514578
514064
513360
508726
508679
507660
507398
504880
504663
504654
499154
499132
495998
495938
494437
493619
492110
491625
490912
488365
488065
488029
487839
486571
485652
485513
484094
482851
482405
479233
477853
477809
477559
476910
476495
476226
474927
474650
473899
473226
468980
468148
467985
467595
467061
465763
465361
464737
462846
462253
461806
461758
459190
458983
458759
458484
456474
456235
454783
454182
452605
452405
452303
451444
451186
450752
450539
450247
449692
448350
448280
448191
447345
446569
446267
446121
446104
445049
442464
442024
441749
441559
440877
440430
440275
437560
433767
433646
433293
432686
429900
429549
428993
428274
427433
426234
425424
424975
423631
423121
421439
421198
420986
417894
416437
416041
415472
414786
413571
413079
412654
411371
409964
409825
408294
408024
407757
407192
407190
406271
404927
404787
403761
401399
400438
400058
399148
397835
397128
395880
394099
391154
391099
390599
390365
390253
389570
389331
387665
383986
382463
381092
380823
379944
377688
376570
375630
374688
372884
372509
371720
371413
371076
371073
369946
368262
367684
367276
366969
366315
365547
365404
364868
363322
361070
360911
358609
357099
356800
356388
355938
355202
354484
353833
353827
353803
353778
353472
350970
349746
349453
347522
344233
343667
343580
343128
342381
339967
339830
339757
339678
337834
336439
336413
335741
334745
333305
330781
327929
327012
326390
325306
322762
321204
320214
319640
318758
317271
317194
315538
314314
311305
310889
308381
307152
304619
303939
303440
302419
301947
299606
297680
296739
294526
293603
293013
292446
291091
290697
287840
287689
285404
285091
283822
283526
282363
281137
280049
279615
279604
277241
275951
275692
275178
275022
273762
273228
272123
271308
270329
269781
269688
269103
268979
268603
268261
268011
267003
265857
265174
265167
262444
260925
258467
258058
256940
256677
256567
256389
254649
252597
252565
252489
251138
250942
249505
249019
247224
246031
245960
244943
244400
242446
242399
242373
240518
239468
238281
236379
235493
234701
233636
233278
231549
230533
229869
229126
228423
227446
227322
225136
224232
223378
223157
222731
221622
221310
220689
220220
219079
216202
215621
214400
214121
212558
211634
211255
209260
206515
204128
202748
201096
200975
200231
199757
199111
197499
196716
195110
194545
193172
192989
189750
188685
188051
187825
185604
185113
184461
182947
182158
181859
180985
180436
180079
179703
179478
179122
177727
177508
176288
172608
171930
171568
170130
168164
164304
162516
162179
161919
160290
159851
158763
157718
157209
156057
155400
153381
152060
148933
143361
142642
142068
141145
138196
134664
133746
132203
131990
129663
128936
128301
126806
126334
125618
124694
124593
124327
123993
123831
123014
122575
122302
119136
118954
117034
115329
115100
113447
113408
113258
113024
112117
111940
110394
109789
109513
108059
107621
106881
103134
102615
102343
100898
99980
99216
98904
96906
91281
90361
90059
89917
86054
84786
84369
82253
80884
79273
78067
77770
77232
77014
76250
75942
75591
73899
73620
71990
70695
69030
67630
67133
66296
64274
62727
60954
60934
58802
54826
54607
53687
50371
48931
47848
47608
47456
46382
43854
43768
43537
43085
42525
41302
39228
38503
38150
37935
36543
36481
32439
31501
30830
30656
29909
29454
29111
27164
25881
25870
23142
22807
21288
20502
18944
16607
15118
12590
9013
6956
6797
6783
3920
1267
793