999189
992372
992120
991097
989431
988472
985436
984468
982864
980091
979755
979500
979474
978769
976936
976508
975915
972334
972208
969451
966720
966220
963129
958320
957367
956938
954163
950173
950027
949159
942009
940026
938926
938161
934335
930545
930262
929581
928490
924816
923739
922561
918995
917596
914188
909654
908493
908355
908301
906739
900777
900774
898244
897603
893728
893375
890489
886177
884891
879419
879253
877320
875391
875237
873121
871016
869815
868814
866479
862973
853882
852574
852231
850196
849048
848990
848489
842367
841822
840907
838746
835207
828814
824577
824136
821124
819291
817684
816489
816246
814704
814446
813492
807784
806450
803831
800514
799701
797106
796346
793707
792943
791820
790489
789530
786232
785286
784170
784053
783564
782314
776237
774035
768746
768461
766887
765694
763640
758390
756973
753620
753551
751203
750277
749434
746828
746217
745739
745720
742278
740400
735717
734978
733399
730350
729042
726404
722001
718783
715562
714477
710834
708401
705720
705233
699355
696692
696377
694425
692393
690643
687371
686016
683431
683384
683120
681305
681251
678283
668284
666083
666065
664222
662373
659978
654730
654314
651877
650907
650014
646195
645303
644406
643961
640802
637477
636934
636157
631719
627658
627383
624729
623416
621995
619708
615150
613600
611533
610955
610546
608807
606544
602555
602506
602076
601073
596479
592463
587584
587011
583842
582921
581801
580482
579412
578143
577266
575067
575066
570734
570106
568142
566243
566238
564717
563672
559274
559172
556667
545431
544155
543202
541664
541347
538353
537282
529484
527051
526249
520575
519034
518164
515914
510615
508345
508258
506769
501782
500406
500138
498327
493611
492203
491426
491295
490389
490137
488683
485500
484555
482281
481099
480316
480225
475820
475527
474369
474300
471616
470662
468693
467040
466900
465328
465196
462597
460806
453942
453554
452277
451175
449879
447256
445821
444964
442119
440999
440252
439190
435999
433543
433247
430809
430333
428235
428219
424190
422574
420535
417960
414640
412100
411492
411057
409672
408365
403181
402669
401486
397907
396961
392182
391844
391814
389512
387188
386524
384159
379161
379112
377273
374110
372550
372445
372320
369727
367840
358924
358711
356152
351213
350597
347031
346482
342138
342017
339373
338926
337406
334636
334052
333856
333270
331424
331102
328150
323467
323263
321829
319391
315875
309550
307926
307682
306345
304902
301822
301807
301737
300980
298699
298157
297089
296392
294726
289034
287090
285956
285829
285567
284603
284125
281826
278872
277818
276001
275747
274454
270451
268150
267213
263886
263558
261370
257737
256766
252353
250734
247709
241996
241183
238211
232051
229414
229137
228842
228601
224720
223864
223772
220823
219043
218801
218143
217190
213951
213152
211454
210379
208495
206940
204443
203933
203050
196612
195425
193957
193936
193744
191637
191345
186175
185052
183165
181652
179831
179212
177352
176744
175282
173880
171587
167394
163203
160042
159584
159368
158913
157560
155773
154033
151083
150609
148382
145196
143486
140848
139637
138842
137052
136876
136858
135257
135224
130680
130600
129045
126210
123952
123209
123103
122212
118023
114283
107238
107064
105232
104348
98743
98670
97153
89447
80844
80255
79759
79141
78796
78556
73830
72891
71250
70639
69209
68081
66431
65701
64660
61469
58413
57674
48611
47132
45890
43060
39019
38857
37286
35777
34696
27750
24639
20146
19156
17111
16208
15503
14947
9065
2561
2472