995967
995842
993979
991801
991252
991137
986356
986245
985934
984634
984317
978918
978457
976580
973720
971708
968677
963255
956598
956001
953978
953371
953332
952190
948786
948644
945957
941040
935659
932946
931374
931124
925633
924307
922269
921485
921018
920147
918389
918147
916857
915838
913653
913505
912931
911381
909727
907781
905618
897744
894938
893460
892143
892054
890519
890213
888761
886436
885365
882312
882113
873784
870505
868713
867826
866544
865498
863837
863522
853842
853474
850795
850600
848347
847751
847589
846809
846285
842282
840362
837766
831627
831263
827396
825390
824352
824280
817018
815594
813418
804111
803825
803031
802620
800946
798745
793964
793526
791723
789952
789659
780597
779440
776354
775147
770951
770327
768277
766651
765829
765326
760612
760199
757461
754851
752115
750012
749598
749145
746880
746013
745438
743266
741809
740122
739207
734979
733855
730899
729466
729397
722774
720235
719805
716770
716528
715925
715678
715356
714285
710877
710821
708771
707029
706287
699424
697475
697459
696272
692754
692421
692157
692033
691894
690793
687730
687276
682790
680830
680803
678459
678034
668613
667945
666625
662955
661641
657709
657652
657359
657189
651999
649792
649594
649223
648305
647932
643394
642241
637018
634996
634908
634708
633971
633826
632943
630002
629192
626406
624350
622066
620495
614976
614849
614408
612954
611651
610323
603353
601825
599302
597462
596671
595730
593604
592393
590507
589336
588051
585430
584633
583319
582302
576384
572378
570980
570221
569174
569002
568437
566873
566772
564147
563980
563404
562247
560156
557048
556166
555927
554302
552892
547310
547005
543311
542212
542205
539291
539255
538686
532757
532307
528666
524269
522143
520544
518494
516725
514786
512270
510686
510360
510322
508375
507196
507141
505340
505045
502693
497698
493372
490869
489766
489014
485414
484650
484598
478461
478208
477542
474895
470119
467151
464466
461166
461117
458995
458956
458590
456450
450759
448932
448745
447578
446104
441738
440911
435064
434954
434053
434044
433552
432461
430585
425221
423885
422731
422013
420660
419954
418497
416835
416069
415914
415009
413695
410733
409525
407539
406905
404741
404318
397092
393439
392923
387401
387118
386023
384913
380254
377040
376266
375279
369456
363728
362384
361617
359194
351470
349426
348848
348785
346435
346392
344760
343692
342793
341443
340886
339460
339080
335797
335352
335318
334088
332064
330971
329338
328367
328226
323510
321192
319344
315915
309361
303734
302966
302427
300743
296486
296345
294791
294731
293666
292094
288351
287247
283232
282656
278171
277283
271785
271366
269580
268776
267621
265005
261607
256703
256558
256065
255820
252570
250812
250639
241815
238844
237130
236704
236408
235251
234166
233014
232702
232119
230169
226784
224291
224019
223882
222648
220801
219007
218809
216990
216066
215982
214974
206952
205387
203005
199436
198787
198245
196206
188952
187844
183927
180483
179611
176833
174758
173994
173642
171063
167519
166059
164205
162341
161943
154793
154261
151513
150274
150139
147239
145731
141829
140090
126081
125481
122552
120777
113352
113171
112009
110082
110062
109748
106447
105755
105110
104198
102658
100534
98896
91430
90887
87504
87464
82783
81514
81343
79610
75485
72024
70202
68495
67422
67126
62650
60783
57771
57388
56043
55795
52909
52033
49220
48979
48904
46223
45683
42862
40689
35862
33200
32371
28204
26442
25225
24170
22499
16497
14424
13931
10049
2433
1391
981