995673
989534
988035
986284
984812
982275
980296
976932
973934
969964
969832
967234
966816
966563
964284
964038
963022
960313
960138
957371
955785
953059
952312
948390
947863
944701
944694
944687
929527
927937
926295
923886
922196
920437
919773
917131
917090
911774
910600
910205
908506
906168
905029
898772
895013
893310
890071
889692
889328
887157
884297
883477
882864
882286
881615
873556
873400
870170
868433
867626
865728
865262
865089
864186
862175
856283
855980
855160
854466
852998
844000
843905
841409
838742
838189
836916
828381
827511
825416
823809
823680
823032
822737
820624
814467
813501
810995
808260
807976
806219
805700
805002
803602
801208
800834
800687
799377
798982
794367
793429
793315
792393
787595
782894
777816
774386
773215
772181
771414
770818
764849
760206
759892
757726
757543
755539
753890
748800
747635
745952
743198
740140
736874
736627
736564
734849
734530
727085
726592
726496
726190
724816
721389
721313
720876
719881
717365
713162
708746
707992
705724
704312
700462
699865
699551
695912
694812
694665
691612
691027
689849
689539
687999
682142
679481
678145
677067
674398
671192
669991
668684
668079
664921
660659
656573
656119
655976
654378
654172
653533
652135
648053
639825
639369
638977
634113
633162
629044
628950
627037
623011
621730
617950
616820
616576
614969
612901
612412
610588
608535
601889
600322
599805
598553
598353
591514
590510
588483
587905
586439
581572
579909
579642
578395
574543
573499
572725
571220
567460
566838
564331
562198
558456
557192
555490
555319
554192
551966
549896
549481
549414
548093
545097
544836
539267
536278
536066
536005
535989
535311
534698
528460
526350
521601
521194
517247
517201
515814
511866
511072
509998
509041
508974
508463
504048
502328
502313
499576
498508
498070
496970
494035
491513
490366
488277
485177
479980
477736
475295
475272
475263
474603
474497
474310
462903
452906
443689
443600
443554
440101
430164
426649
426284
423803
423150
421044
420715
420462
417016
415803
412917
412633
412528
411811
406583
405303
402277
401952
401923
398798
397439
396713
395037
388654
388016
387434
386811
384446
382973
379030
378232
376788
376156
374945
369436
368918
368694
365855
360875
359395
357252
356602
355134
354574
351782
348949
339143
334534
332581
331432
330893
328358
327196
323080
320627
315091
313328
313141
312976
307803
307717
307566
307029
305799
305245
305243
303409
303234
302640
301599
301283
297968
297755
297543
293883
293807
283424
282644
281563
280189
279334
279238
275194
269780
268244
266781
266056
265137
263012
261151
260613
260172
255694
255081
255020
251801
250880
250073
249393
248675
247110
243790
241026
238838
238783
238652
236853
235615
234053
230933
229786
229494
228275
228113
227106
226225
223673
221831
220220
217755
214099
214082
210350
207429
207351
203638
200693
198735
196339
195633
192546
191185
185030
182742
177845
173633
170590
164401
162238
158354
154548
150238
143530
138900
138809
134965
134858
134255
131314
128806
127768
122512
121881
121393
120476
119360
113250
110437
110062
109586
106743
106385
105959
101251
99628
99567
99252
99203
98555
97542
96692
90534
88365
88019
87364
86202
84841
84654
82377
81714
76026
75243
73558
73479
73038
72242
68095
66762
65280
63714
62874
60662
58715
57494
56676
55538
54581
54325
50440
50349
50297
49321
47054
46506
45917
43636
43136
42006
40667
39869
39726
39449
37750
37554
36441
36185
34399
34385
29598
28908
27527
23245
22670
21616
19989
16563
9770
8893
8048
5743