996236
992642
992379
991343
990922
990592
988890
988650
986971
985860
985797
984293
983772
982979
982723
982622
980670
978469
978268
976585
976226
976080
975944
975129
971645
968082
967722
966003
962126
960494
957289
949253
948504
947948
946243
935689
934730
934566
932854
931207
926976
926467
925374
920353
918840
918533
917534
915280
913808
913226
909334
908478
906844
901594
900682
898385
898357
897361
896896
896803
893483
887078
879130
874273
869661
869200
868431
863113
861044
860059
858316
857035
856991
856988
854252
849869
845944
845047
843032
842961
842818
836718
831175
827879
827513
824495
824287
824030
822954
822161
820995
820977
807242
806355
805846
801409
800551
795610
794634
790187
789877
785284
784105
780689
778087
777609
776308
774409
772986
771471
765956
765938
765786
765254
763907
762971
758141
753300
751410
751315
749922
746746
742340
739191
736374
728934
728762
728299
727596
726191
725840
723123
723061
721330
721104
717957
716870
715661
715144
714075
713218
713014
711448
711377
707125
706357
705848
705633
705498
703497
701004
700250
699094
698835
696774
695614
695127
692333
691859
688390
687740
683218
683172
681447
679782
678965
678231
677147
676147
674909
671710
670571
669798
669410
668295
666971
666540
665219
657888
655572
655064
654786
654173
643043
640174
639668
638566
638477
638063
630391
628825
626882
624324
621473
620508
619517
618775
618556
617580
617458
615054
607581
604366
598584
597895
596955
592100
591533
588015
586520
586356
581600
579938
579105
579096
577811
576092
573526
568555
567846
566289
565717
562543
562094
560947
555043
551326
550719
544440
544132
543081
541337
538468
532932
532415
531311
530552
526882
523260
521158
521127
520394
515409
515334
514155
513947
508240
502676
502143
500215
499865
497667
496140
493496
487139
485497
483074
479256
471649
467013
465093
463272
458765
458305
453090
452790
451521
451378
450406
445939
445283
444750
444389
443918
441951
439425
439387
439187
434047
431627
428066
422904
421094
419668
419190
417143
414452
410401
410185
408708
407614
407011
406437
405693
403199
403030
402192
401394
399835
392682
388692
388655
385808
385520
382542
382278
379925
378693
366893
366192
365164
364428
364416
363929
363547
362128
362113
361977
359648
356336
352830
348510
344968
341044
338835
338213
335569
334533
333705
331471
328701
327829
322391
318287
316316
312860
310952
305961
305937
305048
304514
304282
303924
302973
302733
302257
300840
298230
294556
288535
283564
283172
282719
281871
280758
275366
274107
273632
272400
267754
267616
266157
262434
262316
258793
254171
251914
250046
248785
247060
246661
231423
231357
226620
226503
225106
225014
224885
224544
224431
224094
222309
220075
220016
219472
218956
216627
214645
206408
200613
195710
194904
192595
192522
192507
191302
188349
186436
184110
183014
182153
179915
178945
178761
178675
174252
173406
172656
171056
170887
169437
167220
167218
166781
166729
163915
163909
162444
161690
160659
156055
153728
147068
144742
141558
141014
140441
140326
140092
139263
139029
138920
132835
132082
131701
128147
125892
125429
122392
121223
118258
118108
117035
116846
116485
115016
114993
113948
111905
111154
108302
107774
103183
102600
102553
102456
98827
95390
92634
91564
91108
87153
81790
80831
76721
75884
74342
70295
65295
63475
58367
56892
55838
54985
54424
52223
45695
43910
43322
42234
41070
38275
38110
37920
36296
35726
35534
32461
30676
30025
28835
26194
23027
18626
14513
12309
11921
9355
4952
4239