998322
986852
975133
968527
964598
954402
946904
931173
927431
915891
911621
909437
898352
894307
892997
883463
870732
870434
849622
835549
823003
813615
799733
789598
779596
771930
765536
759599
739927
719196
718085
698142
695000
694955
693042
690052
689251
678141
670666
612308
610054
600251
579628
575285
568579
560501
555096
550219
549147
521812
516986
510157
495561
488365
472704
456825
455870
441276
436462
413295
406308
398364
388924
379954
373252
367762
329941
314611
305686
298844
286634
286581
269318
239139
238125
236046
224875
211004
196600
176290
169127
165055
144105
143965
127552
96142
91870
88997
82841
73620
72407
51537
46334
46149
35601
33801
32388
25108
12119
7684