998086
997856
995154
995064
994006
993731
993649
993641
992255
991585
991519
990799
990402
990400
990031
989775
989652
989549
989251
988955
986217
985724
983746
979819
979432
979009
977906
976599
976591
975975
975281
974045
973145
972400
971685
970556
968003
966900
964287
960299
957277
955123
955022
954656
950458
949880
949614
948260
946765
946461
946412
945070
944818
943844
942638
942319
941777
936643
935289
933916
932744
932724
932215
931288
929684
929207
926880
925459
924187
923659
921121
921100
920669
915654
913094
911784
911743
910531
910333
909845
909412
908385
908373
908346
908189
905359
904729
904375
903646
902836
901672
899494
899272
898850
896475
895395
893499
893259
889742
889138
889008
888564
888213
887683
887371
885766
883744
881746
878681
877960
876597
875507
875377
874599
873905
872587
871922
870773
870680
869870
869703
868996
868059
867013
866975
866765
866032
865492
863149
862341
858873
857658
857516
857449
857425
855303
852138
852075
851171
850691
849196
849094
848806
848182
846850
845998
845729
845031
842598
841776
840806
840560
840332
839949
839659
839494
839200
838242
838024
837309
837244
836826
836060
835553
833246
832816
832294
831200
831150
831065
830784
828469
828011
826710
825981
823126
820518
820156
816932
814384
813996
813341
813060
812281
811742
810822
810470
810447
809257
809155
808268
807195
806964
805926
805672
803950
802817
798839
797374
796632
795479
795280
794833
793631
792824
791985
791509
790885
790821
789701
788322
786816
786737
786184
784908
784867
784498
783211
782337
782144
779359
779279
775794
775511
775410
772204
768944
768802
768370
768018
767944
767846
766344
765965
764895
761454
759238
758587
757215
755926
755846
755175
753014
752712
752052
751805
750373
749506
749101
748421
745220
745033
744451
742034
741797
741495
738891
738682
736954
732649
731045
730355
729557
728649
726779
726260
724160
723697
723645
721674
720145
716947
715652
715599
715522
714561
713903
711052
710224
710065
708918
707443
707384
706050
705917
705457
705307
703809
703115
702141
701090
699689
698965
696711
695149
694621
691968
691607
691376
690086
687903
686650
685365
684084
684069
682919
682640
682609
682411
681980
681004
680523
680422
680346
679179
678735
678563
678367
678028
677466
674871
674411
674021
673765
672798
672643
667682
666672
665609
664544
662960
662065
660621
660341
659596
658585
658574
658379
657927
656990
655769
655283
654500
653864
652581
651968
651389
650883
650774
650396
649256
648715
647572
647544
647360
645949
645315
644968
644802
644401
643903
643590
641946
641781
637944
637162
636589
632533
632419
632202
631906
631666
630256
628696
626272
621930
621423
619175
617600
616401
615753
615653
614831
613222
611601
611577
611490
611197
611099
611068
608930
608402
608300
607963
607802
607765
607162
607139
606916
606726
605901
604789
600556
599961
599077
598913
590292
588564
587824
587385
585605
585582
585006
584543
582907
582529
582057
581610
581200
580181
579879
578650
578576
577827
577695
577054
576290
569876
568646
566900
566193
566004
563343
561162
561067
560442
560441
558596
558567
557516
555405
552323
547648
547426
547091
545514
544225
543181
543092
541943
540890
540230
539435
536630
536419
535989
534468
532001
531415
530884
530882
529612
529145
529140
527214
525960
525218
524678
523505
521795
517762
517493
516815
516400
515469
515261
514953
513608
513602
512497
512455
510090
508192
507150
506849
506604
504697
504575
502707
499682
499273
499207
499049
495651
494898
494743
494495
492929
491856
491604
489039
488976
487436
487231
486127
485193
485130
484103
483082
482962
482800
477323
476723
475875
472943
472736
471588
471572
470931
470690
469845
469110
468313
464196
463477
461115
460471
460333
460155
460065
456277
455674
455095
452676
450660
450604
449643
449494
448533
446935
446091
442305
441195
439884
437578
437504
436857
434975
434379
434008
433840
433299
430797
429690
429360
428388
428054
426691
426627
426164
425207
422157
421519
420458
419652
419137
419131
418089
416690
416453
416350
413044
411650
411002
410794
407684
406919
404522
403513
400068
399126
398853
398528
397580
397094
396342
395681
395679
394906
394552
394030
393238
393238
392350
392248
391290
390436
389973
388252
387247
385398
384918
380987
378858
376844
376219
374763
373616
373394
372522
372377
372127
370500
369895
368319
368262
367244
367088
366755
366421
365348
362168
360898
360356
358943
358483
358137
357190
356438
353168
350642
349529
349432
348860
348354
348203
347883
346011
345438
345027
343650
343490
342533
340023
339531
339100
338351
337902
336819
336407
335185
332561
330510
330414
330308
330198
329440
328840
328219
326635
325015
324539
323825
321729
321345
316088
315693
311443
310523
310185
308451
308198
307255
305874
303455
302923
302919
301426
300811
300695
298808
298030
296492
296033
294768
294549
293968
293826
293291
292229
292166
291629
288079
287511
286160
282782
282246
281626
280483
279710
279427
278768
278144
277470
276271
272179
269431
267086
266191
266153
264506
264380
263805
262600
261083
261027
259894
258633
258593
256213
255621
254782
252861
250293
249777
248174
247736
245661
244939
244689
243551
243068
240369
238740
238729
238585
237736
237156
235434
235144
234934
233405
232819
231114
230858
230539
229942
229846
228753
226193
225963
224866
223824
223210
221746
216764
215212
214466
214186
214076
213108
212362
211801
211381
209790
208282
208210
205414
203586
201681
200310
200222
199333
199298
196945
195725
194887
193611
192890
192683
191594
191419
191267
190926
189976
188476
187445
183153
182915
181327
181267
181050
180964
179866
179710
179254
179217
178696
178125
177854
177691
176944
176888
176580
173710
172578
171086
170455
170439
170157
169763
169336
169208
168785
167586
167533
167173
166564
166446
165930
165689
165573
165203
162785
161815
160917
160852
160581
160334
159384
159198
155778
155766
155522
153408
152228
149223
149114
148807
148699
148515
148290
145899
145306
144479
144141
142496
141989
141222
140686
140080
137417
137088
136002
135668
134145
133276
132973
132397
132276
132119
132060
131577
129464
128819
128429
127411
127101
126673
126343
126297
124445
123761
123624
123281
121356
119722
118552
118366
118347
116859
114618
113062
112489
112466
111639
107180
107055
105534
104090
104055
103566
102626
102597
102477
101423
100550
100378
99972
99700
97270
97136
95325
92369
90559
90507
90094
90033
88961
88868
88712
85628
85623
84558
81313
80363
79402
75920
75305
73755
71782
71382
71012
70896
70269
69164
68464
67887
66091
65050
64527
64405
64404
62444
61900
60960
59351
57255
56218
55735
55390
54935
52919
52382
51537
50781
49589
48139
47445
46953
46561
44582
42173
41191
39529
39280
38748
38653
36629
36312
35864
35626
35092
34342
32911
32863
32834
29722
29109
28797
28734
28564
27491
26921
24502
23309
22334
21601
20042
18428
14551
13713
12954
12445
11357
9881
9785
9694
9520
6854
6601
6059
5676
5413
5234
2269
1990
1766
1103
746