998090
990554
883628
869042
865578
855293
855258
851726
850763
844486
831615
827881
827350
825133
752695
734602
732441
715841
703629
692067
685951
665056
663911
643773
629635
620897
568834
567705
563692
548331
548261
547645
541913
534117
518252
514663
503346
495795
490895
490228
486721
478074
473132
469837
466245
452758
441290
416374
410883
399522
387965
381747
380224
380040
377372
370383
365021
352131
319015
316967
316663
309573
287423
270841
270165
265220
264623
228554
222025
219567
212798
200846
196746
193478
191158
182291
170756
161733
160596
152718
136542
130211
126188
102183
96717
93146
92941
78649
78041
65901
62679
38981
38882
35892
27359
27296
14572
11156
8730
8180