999408
999343
999293
997765
997051
996662
996260
996155
995941
995385
994017
993624
992593
990827
990417
990239
989528
988824
988317
987591
986924
985475
984685
984548
984163
983774
982383
982368
981821
980863
980845
976752
976204
975154
973901
973241
972306
972244
970908
969158
968968
968107
967702
966891
966401
966225
965754
965488
965326
964270
963797
963733
963646
963263
962880
962592
962390
960967
958956
958220
957606
956981
956901
956359
955683
954954
954612
953702
952135
952114
951955
951024
950748
949892
949315
948093
945977
945556
944835
944671
943453
938957
936559
934128
933840
933600
933319
930645
929625
929533
927135
926519
925520
925250
924402
923528
923246
921376
921153
920714
918223
916686
916505
914476
913575
912946
912720
912158
910405
906586
904471
904097
903455
903324
903324
903103
902917
901278
900565
896511
895487
894968
894892
893830
891458
891453
891312
890846
890719
888494
886522
882647
882235
881614
881239
881111
880974
880652
879397
879022
878111
877835
876747
876218
875550
873802
873005
870491
869052
867446
867121
866510
865007
864224
863341
862221
859717
859671
859244
858240
856953
855859
853438
851341
850734
850349
848717
848353
846177
843140
842650
842410
841386
840988
839875
837670
836598
836247
835270
835185
834857
833690
830572
830240
829881
829372
826057
825487
824810
824531
824314
823568
823236
822161
822100
821639
821370
820133
819691
817176
815425
813931
810333
809891
808733
807047
806798
805684
805153
804723
804060
803943
803363
801670
801176
800109
799050
798244
796505
796177
795433
794486
794280
793815
792134
791059
789631
789185
788404
787982
786558
785860
783840
782330
781762
781293
780546
780073
780007
779858
779745
778699
777817
776921
776509
776486
775032
774878
773534
773140
771349
770261
769952
769017
766218
764681
761939
761610
761279
759560
759392
759277
758523
757013
755189
755041
753835
751960
751443
750519
750265
749610
747456
746628
743172
741768
741512
741112
740253
736264
735492
734674
733269
732889
732724
731137
731097
730253
729947
729812
724202
724123
723674
723628
722170
721864
719583
718654
718446
718137
716720
716199
716006
715266
712762
712550
712420
711930
709283
708887
708228
706789
705563
705148
702154
701089
700825
697592
695382
693904
692760
692461
690014
689982
689556
688601
684493
683447
681917
681698
678560
677985
677419
677095
676298
675213
674946
672914
669764
668734
666352
666100
662985
656457
654839
654613
652243
651704
649504
648782
648702
648079
647091
646806
645978
644952
643702
643374
641671
641612
640800
636794
635499
635324
634360
632330
631821
630063
629106
628804
627297
626654
626230
624984
621528
621256
620520
620118
618547
616495
615922
615797
615425
613823
610612
609389
608578
608465
608002
607785
607648
605815
605777
605773
605708
602699
601470
600527
599975
598613
597677
597523
596542
596066
595737
595495
594946
593185
589929
589688
589503
588449
587754
587624
586762
585604
584925
584721
584316
583752
583634
583566
582563
582472
582470
579285
578686
577615
576911
576906
576662
576576
576574
576378
576364
576186
576051
575781
573207
572233
570491
568894
568627
567467
565258
564866
563758
561578
561410
561252
558743
558595
558132
557175
556727
555294
554846
548775
546848
545862
545424
544820
544596
544374
543898
542106
541623
539605
536089
535273
533041
532609
532042
531027
528038
527520
525116
523564
523198
519625
519510
518406
517101
516535
516255
515473
515407
514391
513857
511974
511832
511702
511592
509782
509217
508513
507095
504751
504135
501893
500861
500581
500417
499583
499552
497491
495936
494891
494742
494582
494029
493189
491548
491513
488462
488345
487969
487943
487055
486870
486769
485108
485064
484886
482437
481904
477905
476753
474728
474231
473894
473779
471657
470530
468611
467099
467051
466677
466647
466449
466442
465557
464280
464110
463783
462803
460252
459368
458538
457845
456600
455224
453716
451278
449382
448596
448433
447476
445363
444056
443159
441376
441162
438893
438116
437877
436769
436728
436113
435371
435008
434487
433700
432088
431837
430558
429574
427229
427163
426692
426556
425948
424880
424543
424389
424032
422978
422719
421584
421112
420655
420030
419701
418623
418092
416474
416286
416028
415295
415291
412440
410390
410072
407968
407952
406780
406075
405932
401890
400843
399592
399510
398939
398387
398366
396495
395995
395623
394928
393777
393082
392985
392037
391059
387898
387060
385954
384503
383707
380080
378625
378510
375798
375631
374881
374422
374412
373095
372574
372395
367895
367335
366401
366039
364865
363609
363600
361714
361641
360098
358734
358251
358197
357682
357555
356336
356257
352786
352756
352711
351955
351847
351723
351116
351073
347576
347084
346893
346745
346630
345181
344201
344194
343207
342366
342010
341499
337722
337018
335336
334774
332483
328128
328054
327760
327045
326227
326125
325850
323856
321802
320138
318802
318211
318187
317577
316154
315200
311480
311441
310554
310414
310001
308397
306487
305672
304414
303788
303635
303191
302094
301576
301013
300570
298796
297222
296418
295334
294667
291795
291068
288656
288472
285616
283966
282775
281050
279678
279014
277211
276221
274668
274378
271561
268523
268259
267879
267686
267593
266837
266434
266041
265261
264973
263783
259659
257691
257177
256577
255440
254841
254598
253690
253684
251664
250604
250280
248493
246286
244147
244061
243279
242990
242246
242240
242060
241940
241688
241349
240083
237674
236148
235765
235174
235020
234393
234206
233253
232657
232443
232071
231995
231473
231120
230269
227996
227755
226661
226077
223738
222655
222519
219654
219619
216018
215868
213365
213001
212925
211485
210717
209485
208137
207309
207306
206939
206872
205930
204350
203925
203720
203705
202720
202269
202027
201338
198505
198000
197364
196858
196488
196265
194990
194795
192237
191114
189612
189310
188519
185895
185052
182995
177938
177578
176190
176106
169893
166939
165232
163308
161776
159515
159164
159018
157999
155772
155701
152690
152219
151783
151382
149111
146559
146439
144509
143388
142033
141808
138742
138095
136621
131189
130013
128264
127261
125706
125237
124693
123859
122503
121586
121288
117807
117430
116433
113925
113649
113464
112470
110650
109843
108399
104519
103452
103439
101853
101581
100401
100226
100216
99661
99634
99538
98794
97901
97296
97175
96040
92865
91017
90354
90083
89481
87774
87628
83510
83201
83021
81711
79923
78898
78834
78822
78155
75229
74306
73942
73833
72132
70753
70255
68550
68057
67955
67463
66717
64741
64598
62564
60769
60495
59444
57847
57589
57337
57121
56317
54732
54294
54193
52080
49743
49739
49199
48575
46463
46166
46059
45781
45287
43489
42893
41701
40957
40726
39639
39243
38015
37193
35319
34503
31660
31111
30251
29052
28170
27676
27223
26864
26794
26790
26698
26629
26126
25924
25844
25585
25243
24171
23416
19994
18753
17897
17637
13381
10272
9423
8566
7392
6878
6775
5983
5280
4268
3734
3706
3307
2473
508
152